t,pitch,joint1,joint2,d_pitch,vel_j1,vel_j2
0.0,0.18558,-0.18558,0.0,0.0,0.0,0.0
0.001,0.18558035895462235,-0.18563838645908126,0.00016223010266821385,0.0007180254922309721,-0.11677019620488022,0.32445136430072136
0.002,0.18558135978794968,-0.18579463106163946,0.0005919777711111679,0.001283834142904584,-0.19571150451765906,0.5350202475542807
0.003,0.18558283585077376,-0.18600662867233217,0.0011621714288921245,0.0016683592963662411,-0.2282732691967208,0.6053351067027224
0.004,0.1855846000329288,-0.1862265247808517,0.0017280394661246476,0.0018598716436676608,-0.21150803135663007,0.5263687583120426
0.005,0.18558646322626454,-0.18640650027292516,0.002145014023822691,0.001866273543635675,-0.14843438985254223,0.30755614270286075
0.006,0.1855882980873464,-0.18652211065033866,0.0023424806686803057,0.0018033241116355663,-0.08278187951946896,0.08736512741664589
0.007,0.18559011542563564,-0.18658229630987097,0.0023501118220911276,0.001831336469450033,-0.03758849360142637,-0.07210428779834498
0.008,0.18559201644263265,-0.1866106499571368,0.0022383600501088537,0.0019707138432948773,-0.019119971170034073,-0.15139418518263387
0.009000000000000001,0.18559411720693791,-0.18663542586122064,0.0020921739483591335,0.002230813662249334,-0.03043349390713566,-0.14097118830170052
0.010000000000000002,0.18559647138843383,-0.18667897191234675,0.001982926024722598,0.0024775353843149626,-0.05665949037405933,-0.0775200011065922
0.011000000000000003,0.18559901695730788,-0.18673733558788755,0.0019037617672307062,0.0026135975003835892,-0.06006814881671974,-0.08080560659696592
0.012000000000000004,0.1856016873219533,-0.18680529184394296,0.0018439345072934219,0.002727120428430982,-0.07584424807523553,-0.03884714186543652
0.013000000000000005,0.1856044129606641,-0.18687679672100355,0.001790193406692727,0.0027241480142096556,-0.06716526104030583,-0.06863365400335313
0.014000000000000005,0.18560712338478472,-0.1869455409234186,0.001728480855564,0.0026966871364550622,-0.07032303866195234,-0.05478959525970695
0.015000000000000006,0.18560979327864302,-0.18702309515008206,0.001701597499167051,0.0026430854058588507,-0.08478471002911063,0.0010228349453941736
0.016000000000000007,0.18561234901867307,-0.1871021175175679,0.001692263762453242,0.0024683765591174936,-0.07325904964458303,-0.019691269793414404
0.017000000000000008,0.18561471527632584,-0.18717462727166817,0.001681182249218427,0.0022641217734273166,-0.07175959745682171,-0.0024725126008761956
0.01800000000000001,0.18561681777356542,-0.18723279915085939,0.0016494808084753447,0.001940858094107017,-0.044583779166211555,-0.06092983202041859
0.01900000000000001,0.18561865173898812,-0.18727691038079533,0.0015986621163332616,0.0017270595997571413,-0.043638757924654145,-0.040705799637805275
0.02000000000000001,0.18562021596003353,-0.18730811393569685,0.001532865965168605,0.0014013782922745292,-0.0187688262171468,-0.090883754797
0.02100000000000001,0.185621512259007,-0.18732827617547462,0.0014583648203154048,0.0011912086999883989,-0.02155638492907044,-0.058115161556654374
0.022000000000000013,0.18562254468545691,-0.18733972912460278,0.0013827953731183763,0.0008736444314118176,-0.001350399375746843,-0.09302013367135027
0.023000000000000013,0.1856233185299619,-0.18734496800136508,0.001314220759155339,0.0006740352109146587,-0.009128208998267603,-0.04412575118410878
0.024000000000000014,0.18562383928286993,-0.1873463314158972,0.0012601393680657937,0.00036747110657466497,0.006400652411089474,-0.0640343325486623
0.025000000000000015,0.18562411166841197,-0.18734570368750264,0.001226562334075815,0.0001772952326127336,-0.0051456568661053335,-0.0031180422169503233
0.026000000000000016,0.18562413887228219,-0.1873442760980043,0.0012172737590213235,-0.0001228870787857472,0.008000687867118312,-0.01545861450205548
0.027000000000000017,0.18562392205674613,-0.18734239651237905,0.0012333647782924962,-0.0003107411871065389,-0.0042413257969401595,0.04763988067389559
0.028000000000000018,0.18562346022144363,-0.18733952596165457,0.0012730990747952641,-0.000612928910078519,0.009982934968958168,0.031826763951246125
0.02900000000000002,0.18562275042644538,-0.18733430753655947,0.0013321264039407525,-0.0008066522011461039,0.0004546401514453676,0.08622503004727415
0.03000000000000002,0.18562178835081078,-0.18732473907127734,0.0014040177298463414,-0.0011174987732947346,0.01868315064821105,0.057554174395411946
0.03100000000000002,0.1856205691187714,-0.18730842832794112,0.001481056069857655,-0.001320954048462695,0.01393915435032019,0.09651893612160119
0.03200000000000002,0.18561915403438492,-0.18729006889448035,0.00157274478518593,-0.001509210866018754,0.02278071723904838,0.08685422241987208
0.03300000000000002,0.18561755927000712,-0.18725630858685885,0.0016311501769078111,-0.001680315718988036,0.044740238660240454,0.029954237230572035
0.03400000000000002,0.1856158500041492,-0.18721274841053082,0.0016684778133974278,-0.0017382070483980465,0.042380021700048905,0.044699950568475436
0.035000000000000024,0.1856140945362318,-0.187165872579732,0.0016996398596848567,-0.0017727218188117258,0.051371421448447155,0.017623424640319477
0.036000000000000025,0.18561236210136178,-0.18712243005564286,0.0017403559749179067,-0.0016921394765517322,0.035513584516053874,0.06380755045881639
0.037000000000000026,0.18561072059091555,-0.18708878388145378,0.0018051544614352765,-0.00159087767640193,0.03177919004896569,0.06578679015741477
0.03800000000000003,0.18560919032400414,-0.18705274842319064,0.0018496525664186238,-0.0014696558234331373,0.04029184862604443,0.02320784230073692
0.03900000000000003,0.18560783779737142,-0.18702044662122405,0.001887693925161333,-0.001235393903691158,0.024311834926492498,0.05287355621685916
0.04000000000000003,0.18560666379830562,-0.18699100498511895,0.0019161543585832967,-0.001112603480309169,0.03457142827483041,0.004046416122516683
0.04100000000000003,0.18560566958170926,-0.18696384602811203,0.001932882313626763,-0.0008758275016374173,0.019746346121945004,0.02940914365392832
0.04200000000000003,0.1856048571377496,-0.18693877233373368,0.0019369602375760105,-0.0007490574816467007,0.030400755763463193,-0.021253051030606464
0.04300000000000003,0.18560422929894918,-0.18691600169653644,0.0019288143272467146,-0.0005066190410874631,0.015140100983110645,0.004962038953025118
0.04400000000000003,0.1856037896732045,-0.18689614898334733,0.001910159115205067,-0.0003726277043653576,0.024564795465869774,-0.042271177141523
0.04500000000000003,0.1856035424094394,-0.1868801569035327,0.001883783711412738,-0.00012190014044116885,0.007418791514825329,-0.010478036243362373
0.046000000000000034,0.18560349182528008,-0.18686918424367488,0.0018532061487485493,2.0736233209614668e-5,0.014525955655218374,-0.05067536733656665
0.047000000000000035,0.18560364194223522,-0.18686446531033035,0.0018222384069140046,0.00027949603536360474,-0.005088570964345873,-0.01125849411688503
0.048000000000000036,0.18560399598625713,-0.18686715795842082,0.0017945159012773529,0.0004285940064389454,-0.00029707096927874974,-0.044185182041545104
0.04900000000000004,0.18560455591517439,-0.18687819892249904,0.0017730493935245767,0.0006912617768550385,-0.021784998448627815,0.001253037718286444
0.05000000000000004,0.18560532203121127,-0.18689818433866928,0.001759854718500601,0.0008409689042742184,-0.01818574328713261,-0.0276420856735637
0.05100000000000004,0.18560622699808418,-0.18692012047044787,0.0017381464129206017,0.000968962176821089,-0.025686517588584586,-0.015773833915153617
0.05200000000000004,0.18560720401746872,-0.18693728521803574,0.0016920241635194338,0.0009850795288148285,-0.008643382437406873,-0.0764686639552537
0.05300000000000004,0.18560825485087445,-0.18695105447990512,0.001626050457374628,0.001116583757087683,-0.018895851049142025,-0.055475705431559594
0.05400000000000004,0.18560942749653678,-0.18698111135754086,0.0016029992401710997,0.0012287019341948415,-0.0412178059039019,0.009373884256787651
0.05500000000000004,0.1856106541998563,-0.18702066392030134,0.0016068346466328947,0.0012246980028405158,-0.03788672208749748,-0.0017039726691792235
0.05600000000000004,0.18561186362856025,-0.1870618369759855,0.0016181742144944255,0.001194153477540646,-0.044458668334394186,0.024381802950942083
0.057000000000000044,0.18561298360997328,-0.18709646787059847,0.0016167377109702233,0.0010458012353099448,-0.024802657118966703,-0.02725536415893021
0.058000000000000045,0.18561400973497327,-0.18712410783393643,0.0016014662527798545,0.0010064434107808012,-0.03047709663420512,-0.0032872843813330794
0.059000000000000045,0.18561493974494786,-0.18714489592040653,0.0015730971950521447,0.0008535742269701493,-0.011099180292820249,-0.05344978190390289
0.060000000000000046,0.1856157734468055,-0.18715953105013985,0.0015340766234445908,0.0008138246120215156,-0.018171407966313977,-0.024589672559408447
0.06100000000000005,0.18561651240148433,-0.18716917582047699,0.0014882607014738045,0.0006640860415526328,-0.001118633798935045,-0.06704004456148353
0.06200000000000005,0.18561715942704315,-0.1871753039899892,0.0014404426689850344,0.0006299600951829258,-0.011138269038111867,-0.028593740095869142
0.06300000000000004,0.18561771797876744,-0.18717951050327816,0.0013957639556766844,0.000487144910466253,0.00272468284642064,-0.06076151925390375
0.06400000000000004,0.18561819148482775,-0.18718330749922826,0.0013590819493165653,0.0004598628102994836,-0.01031911836668452,-0.01260072882462033
0.06500000000000004,0.18561858271976958,-0.18718793153374463,0.0013343725780236545,0.00032260701888710497,0.0010707724720976925,-0.036816856902887
0.06600000000000004,0.1856188932936217,-0.18719418579115343,0.0013242412905945646,0.000298538589384515,-0.01357933826034249,0.016554676211921204
0.06700000000000005,0.18561912331897487,-0.18720233679842016,0.0013296028895802934,0.00016151009464017833,-0.0027224889966652286,-0.005831894164413902
0.06800000000000005,0.18561927129704836,-0.18721207838328596,0.0013495696512400034,0.00013444681275851555,-0.016760277620025594,0.045764245917067826
0.06900000000000005,0.18561933423652308,-0.18722256733441087,0.001381561556558192,-8.571756629757508e-6,-0.004217036644085054,0.018217769704190655
0.07000000000000005,0.18561930799124715,-0.1872325263844449,0.001421625061313476,-4.3916546573761746e-5,-0.015700384632703873,0.061907059520243085
0.07100000000000005,0.1856191877757784,-0.18724040178238416,0.0014649209823971638,-0.00019651914694435768,-4.9701773535837425e-5,0.024682466402333864
0.07200000000000005,0.18561896879620335,-0.18724455605221524,0.0015063214162979429,-0.00024143764430451474,-0.008258219094844374,0.05811625721131433
0.07300000000000005,0.18561864691867141,-0.1872434721001655,0.0015410418766177137,-0.00040232019331785403,0.01042658995748866,0.011322939295702945
0.07400000000000005,0.1856182192929182,-0.18723594352279757,0.001565230795354436,-0.00045292868936404974,0.0046307896352578305,0.037053823933581795
0.07500000000000005,0.18561768485292185,-0.1872212275776081,0.001576443496911627,-0.0006159488442744281,0.02480105042535012,-0.014628717126487235
0.07600000000000005,0.1856170446313563,-0.18719914195302875,0.0015739422648400083,-0.0006644907813750798,0.01936985977223834,0.009626775208093116
0.07700000000000005,0.18561636758195388,-0.18717726311735133,0.0015763449209253242,-0.0006896042858555984,0.024387542155686177,-0.004821189639871381
0.07800000000000006,0.18561572215021072,-0.18716299183290894,0.0016017125308667674,-0.0006012547838242284,0.0041551734117781175,0.055555400321971114
0.07900000000000006,0.18561510797442798,-0.18715564093875683,0.00164770578114219,-0.0006270973360759789,0.010547146087627066,0.03642893078297645
0.08000000000000006,0.18561451572310977,-0.1871512121709357,0.0017015236236380632,-0.000557401238947971,-0.00168894197429652,0.07120414921866533
0.08100000000000006,0.18561393498531958,-0.1871453896876508,0.001749385447566211,-0.0006040778475905549,0.013334491219803632,0.02451720588970526
0.08200000000000006,0.18561336229866507,-0.1871365726892004,0.0017861342610560873,-0.0005412927393631,0.004299884183974032,0.04897874524830024
0.08300000000000006,0.18561279557838742,-0.18712359474198,0.001807963562605305,-0.0005921476758247664,0.021656133058942248,-0.005321001643836143
0.08400000000000006,0.18561223460965903,-0.18710587459996617,0.0018128849096629004,-0.0005297873855952318,0.013783975103043293,0.015163767404327504
0.08500000000000006,0.18561174704416075,-0.18709066436411037,0.001818530753316174,-0.00044534184515668604,0.01663636540975339,-0.003872089354731267
0.08600000000000006,0.18561140009216426,-0.18708515434083742,0.0018423639019778122,-0.0002485595003709259,-0.005616072910159955,0.0515372998074186
0.08700000000000006,0.1856111922904505,-0.18708858488122654,0.0018819082487532318,-0.0001670468313139625,-0.001244416968467284,0.027549358279616232
0.08800000000000006,0.18561111960944335,-0.1870995143747464,0.0019326126133000932,2.1688061041972224e-5,-0.020613738509395196,0.07385665491869657
0.08900000000000007,0.1856111760431256,-0.18711600022722033,0.0019884113649863444,9.117203488942523e-5,-0.012356969936743338,0.037737766180454026
0.09000000000000007,0.18561135439930368,-0.18713584039641834,0.002042472437101394,0.00026554147490414335,-0.02732236771414163,0.07038133483488375
0.09100000000000007,0.18561164719381593,-0.18715684562195425,0.0020880402544585447,0.0003200389637395977,-0.014687163238155249,0.020751646310117076
0.09200000000000007,0.18561204753907365,-0.1871771088165251,0.0021192697442614407,0.0004806505197060656,-0.02583852683750317,0.041705417988051
0.09300000000000007,0.1856125499163423,-0.1871952383092925,0.002131948310912901,0.0005240992198581988,-0.010420033253828937,-0.016349243082205017
0.09400000000000007,0.18561315073571588,-0.18721052621965364,0.0021240168411272875,0.0006775378165417394,-0.020155688201453886,0.0004864273420405701
0.09500000000000007,0.18561384861292596,-0.18722303114256586,0.002095825310680508,0.0007182179722983481,-0.004854377351264589,-0.05686830194942499
0.09600000000000007,0.18561464432896624,-0.1872335649839656,0.002050091511985321,0.0008732115798176919,-0.016213784402278438,-0.03459720380964773
0.09700000000000007,0.185615540477713,-0.1872435855779913,0.0019915679845292954,0.0009190904664223433,-0.003828077158045144,-0.08244710380485089
0.09800000000000007,0.18561654084758133,-0.1872550083549338,0.0019264581899091898,0.0010816444538688551,-0.0190182041401845,-0.047769445627630865
0.09900000000000007,0.18561764961540295,-0.187269960354186,0.0018616540865753891,0.0011358938859064895,-0.010886484187504247,-0.08183578902407775
0.10000000000000007,0.18561887045501638,-0.18729050693704183,0.0018038890370349263,0.0013057787371391239,-0.030207183240158576,-0.03369179936871559
0.10100000000000008,0.18562020567128185,-0.18731838499758655,0.0017589107461424486,0.0013646520266165979,-0.025549174876883074,-0.05626303321460002
0.10200000000000008,0.18562158971260376,-0.18734760576534237,0.0017132164892189015,0.0014034247262838708,-0.03289258259293574,-0.035123720749832325
0.10300000000000008,0.18562295695768993,-0.18737218639980385,0.0016533365433092878,0.0013310662352713294,-0.01626917686635751,-0.08463361081166261
0.10400000000000008,0.18562430944849279,-0.18739388023576048,0.0015851135823319944,0.0013739080707856784,-0.027119124008679843,-0.05180929286324322
0.10500000000000008,0.18562565033860404,-0.1874147759111184,0.0015154266783208472,0.001307872868152115,-0.014672901556793922,-0.08756139778101925
0.10600000000000008,0.18562698300747196,-0.18743702508477375,0.0014513469961126523,0.0013574560700558942,-0.029826007805978078,-0.04059516681357892
0.10700000000000008,0.18562831015256953,-0.18746256250908758,0.001399269845032858,0.0012968314581781617,-0.02124920562165853,-0.06355698505525295
0.10800000000000008,0.18562963297382154,-0.18749285301015353,0.0013641300026240354,0.0013488034399174909,-0.039331856760040675,-0.006721487682185947
0.10900000000000008,0.18563095054994466,-0.1875286966715367,0.0013487972967684784,0.0012863423926799287,-0.03235518124344319,-0.023943800263314687
0.11000000000000008,0.18563219373885767,-0.1875629464880345,0.0013361673961012682,0.0012000284661034717,-0.03614415049779177,-0.001315984319924665
0.11100000000000008,0.1856332934124026,-0.18758838337573264,0.0013088893630700251,0.0009993145714644372,-0.014729648259329925,-0.05323917030203572
0.11200000000000009,0.18563424869023576,-0.18760560085926156,0.0012691233420783386,0.0009112353748827396,-0.019705622031108868,-0.02629119034343539
0.11300000000000009,0.1856350608831089,-0.18761575059308103,0.0012207181007183195,0.0007131514869734919,-0.0005943762389184609,-0.070517041430581
0.11400000000000009,0.1856357329974527,-0.18762039026172564,0.0011687392384067056,0.0006310718946999402,-0.00868560227911593,-0.03343816561485392
0.11500000000000009,0.1856362690795092,-0.1876212828051848,0.0011188468307077033,0.00044109462476454116,0.006899836451779981,-0.06634415739095124
0.11600000000000009,0.18563667348239263,-0.1876201717432982,0.0010765991644828199,0.0003677066807711017,-0.004678299445319046,-0.01814904229098267
0.11700000000000009,0.18563695014706352,-0.1876185603909945,0.0010467686512754734,0.00018562399471672535,0.007900569005587008,-0.04151045541105998
0.11800000000000009,0.18563710198637565,-0.18761752218292416,0.0010327541687774784,0.0001180530040660765,-0.005824356734905883,0.01348221018557171
0.11900000000000009,0.18563713044737679,-0.18761756556586537,0.0010361624926333718,-6.113118585825432e-5,0.005737637824266573,-0.006665733470327803
0.12000000000000009,0.1856370353052093,-0.18761857010872543,0.001056610364747666,-0.00012915092988536968,-0.007746434549682328,0.04756043875027644
0.1210000000000001,0.18563681471345378,-0.18761980173055556,0.0010917716706200327,-0.00031203427207908955,0.005283693125160349,0.022760385218154624
0.1220000000000001,0.185636465504804,-0.1876200051702553,0.001137663917672053,-0.00038637837045605363,-0.0056899499026866205,0.06902181174757334
0.1230000000000001,0.18563598370559373,-0.18761756226129894,0.0011891385894140176,-0.0005772225513131497,0.010576446018481523,0.03392498972710153
0.1240000000000001,0.18563536520129334,-0.18761069650594997,0.0012405149916176006,-0.0006597807974958765,0.003155666147845127,0.06882536884602296
0.12500000000000008,0.18563460647134195,-0.18759769864561326,0.0012862792139596328,-0.0008576796237306745,0.02284050746534278,0.02270101135730797
0.12600000000000008,0.18563370530181048,-0.18757714541598797,0.0013217621273494994,-0.0009446536526203327,0.018266149499237886,0.048263410312486786
0.12700000000000009,0.18563272713232823,-0.18755525422461242,0.001361272086327631,-0.0010116824572479542,0.025516473114600514,0.030754923483642435
0.12800000000000009,0.18563169314215533,-0.18752056042772913,0.0013628455054297526,-0.0010562911111553646,0.04387066040218751,-0.02760753793959215
0.1290000000000001,0.18563067356982807,-0.18748067886579445,0.0013450877728723807,-0.000982849276803985,0.03589167596231534,-0.007906327814367382
0.1300000000000001,0.18562974099179685,-0.18744397954101255,0.0013289526540915127,-0.0008823013357613545,0.0375062491457986,-0.02436244757084644
0.1310000000000001,0.1856289673594478,-0.18741872930741652,0.0013350999217631415,-0.0006649614527038323,0.01299395955850821,0.03665712578466873
0.1320000000000001,0.18562835536249822,-0.1874050757047186,0.0013637301816648959,-0.0005590320718633096,0.014313451607664493,0.020602210043213345
0.1330000000000001,0.18562790418181094,-0.18740220764786825,0.0014121167540595606,-0.0003433245221283822,-0.008576726694538803,0.07616858259436729
0.1340000000000001,0.1856276098355799,-0.1874084630973642,0.0014749396979096927,-0.0002453731013698074,-0.003933221980510511,0.04947405745223628
0.1350000000000001,0.18562742180073474,-0.18740398074455758,0.00148907248668257,-0.00013069831391171463,0.012898062190965027,-0.02120910467686727
0.1360000000000001,0.18562740508770198,-0.1873954973920073,0.0014706491202092708,9.727294111276423e-5,0.004068276070849279,-0.015636559881586545
0.1370000000000001,0.18562756233765287,-0.187383783675262,0.0014220322888457875,0.00021723596642266455,0.019358318970781278,-0.08159446243573516
0.1380000000000001,0.18562789928825255,-0.18737071963163246,0.0013490810798166524,0.0004566649231226712,0.006768599585162796,-0.06430409558404328
0.1390000000000001,0.18562846800367866,-0.18737662077142836,0.0013162962001634947,0.0006807618053677,-0.01857124052023794,-0.0012641386732338067
0.1400000000000001,0.18562920469534694,-0.18739538594438584,0.001309583059803668,0.000792619302913264,-0.018958942124270385,-0.012162140509758437
0.1410000000000001,0.18563004163122945,-0.1874198108765392,0.0013114731620894814,0.0008812496246706194,-0.029890564243946163,0.01594181650130027
0.1420000000000001,0.1856309096146689,-0.18744230691770056,0.001303334857629887,0.0008547136403375193,-0.015101320602114957,-0.03221842085488658
0.1430000000000001,0.18563180636417934,-0.1874628360763819,0.0012852874566298526,0.0009387819294645715,-0.02595696243715428,-0.0038758461020315525
0.1440000000000001,0.18563273073348954,-0.18748173753031044,0.001258629697094397,0.0009099554943951228,-0.011846054517255967,-0.049438675759663486
0.1450000000000001,0.18563368255106896,-0.18749967701866385,0.0012256822888114763,0.0009936754530073982,-0.024033124884217903,-0.01645481677491427
0.1460000000000001,0.18563466232579004,-0.18751755554949057,0.0011895044806002485,0.0009658734847121538,-0.011724191391678402,-0.05589930722218403
0.1470000000000001,0.18563567085725666,-0.18753638871530706,0.0011535195650997276,0.0010511844963125,-0.025942371083269997,-0.016069064687921315
0.1480000000000001,0.18563670879935623,-0.18755717154910898,0.00112109560776368,0.0010246979522096317,-0.015623458334241808,-0.04877759808388399
0.1490000000000001,0.18563777623288985,-0.18758074561673946,0.0010951330418077984,0.0011101641411867757,-0.031524707121668265,-0.0031466590396277724
0.1500000000000001,0.1856388723000036,-0.18760768478910853,0.0010777101025801052,0.0010819660484431752,-0.022353506766518965,-0.03169882960992364
0.1510000000000001,0.18563999494719197,-0.18763821381605472,0.001069829772421012,0.0011633241444465058,-0.0387042382911059,0.015938019015383217
0.1520000000000001,0.1856411408083059,-0.1876721697785371,0.0010712995021122276,0.0011283915454182866,-0.029207197729460264,-0.012999242402077595
0.1530000000000001,0.18564230524398503,-0.18770901122396297,0.0010807585277586797,0.0012004763359673898,-0.044475063724791083,0.03191616639609764
0.1540000000000001,0.18564348253270546,-0.18774787386252467,0.0010958493759262121,0.0011540924582250473,-0.03324946754173429,-0.0017359241870971993
0.1550000000000001,0.1856446661925398,-0.18778766602674357,0.0011135124449505802,0.0012132236099680312,-0.04633407920575408,0.037060472326548195
0.1560000000000001,0.18564584939422998,-0.18782719209688337,0.0011303672025031266,0.0011531703318289376,-0.03271728033028792,-0.0033525127437715576
0.1570000000000001,0.18564702541739467,-0.18786528875494696,0.001143133064358265,0.0011988717625287392,-0.043475342397400696,0.028882920096240248
0.1580000000000001,0.1856481880934971,-0.18790095722396183,0.0011490378739983686,0.0011264723562822896,-0.027861019335904735,-0.01707423845898374
0.1590000000000001,0.1856493321832033,-0.18793347526867527,0.0011461636867811298,0.0011617023852851546,-0.037174664661467884,0.011325427432723736
0.16000000000000011,0.18565045364105123,-0.18796247511284928,0.0011336870643840224,0.0010812082332726887,-0.02082479495827252,-0.036278567695137126
0.16100000000000012,0.18565154973680234,-0.18798797773765513,0.0011119842944678552,0.0011109783934903465,-0.030180400763689087,-0.007126343464225578
0.16200000000000012,0.185652619018259,-0.18801037932645573,0.0010825884928148796,0.001027582253468212,-0.014622874486059407,-0.05166418743974879
0.16300000000000012,0.18565366112247927,-0.18803039158461277,0.0010480038786247765,0.0010566209747701904,-0.025401837424367302,-0.017503671297643436
0.16400000000000012,0.18565467645906542,-0.18804894332340777,0.0010114001637722297,0.0009740509458642457,-0.011701890616269913,-0.055702255196501564
0.16500000000000012,0.1856556658071065,-0.18806705548550773,0.0009762246993883378,0.0010046396907924743,-0.024522662387907818,-0.014647240939185506
0.16600000000000012,0.18565662987594514,-0.18808570507628572,0.0009457803203861181,0.0009234958914453753,-0.01277668232291671,-0.04624032483195767
0.16700000000000012,0.1856575688859673,-0.18810569481127676,0.0009228208810431484,0.0009545192654267263,-0.027202825147784833,0.0003222355290340054
0.16800000000000012,0.18565848222106082,-0.1881275446078764,0.00090921447812811,0.000872147059936132,-0.01649665382787815,-0.027534751244311435
0.16900000000000012,0.18565936819709716,-0.1881514183330846,0.000905715838078387,0.0008998014547618922,-0.03125051811818713,0.02053722044439702
0.17000000000000012,0.1856602239747076,-0.18817709487251752,0.0009118759944871472,0.0008117480052771376,-0.020102120186109806,-0.008217677826460606
0.17100000000000012,0.1856610456287467,-0.18820398712992986,0.0009261003830946595,0.0008315576722022389,-0.03368183518676874,0.03666526601156004
0.17200000000000013,0.1856618283659328,-0.18823120661314569,0.0009458481480827155,0.0007339095254172846,-0.020756480698797482,0.0028287838357372737
0.17300000000000013,0.18566256686587776,-0.18825766569692015,0.0009679481225634591,0.0007430882911292806,-0.03216102589915939,0.04136959005276186
0.17400000000000013,0.1856632557036632,-0.18828220492042924,0.0009889923850137743,0.0006345801271090051,-0.016916788882220726,0.0007174372452336035
0.17500000000000013,0.18566388980370396,-0.1883037296824675,0.0010057589335724236,0.0006336177805557109,-0.026132213324414545,0.03281443869889849
0.17600000000000013,0.18566446486869084,-0.1883213394318064,0.0010156111858354014,0.0005165072227089181,-0.009086904344779012,-0.013110745190047308
0.17700000000000013,0.185664977731837,-0.18833443347578285,0.001016825112081793,0.0005092170181382435,-0.017100988361999348,0.015538304159230425
0.17800000000000013,0.18566542658837015,-0.18834278032301727,0.0010088035276794442,0.0003884947310861925,0.00040729754705409624,-0.03158121906689884
0.17900000000000013,0.18566581107847113,-0.18834654204676557,0.0009921511589094847,0.00038048369132349154,-0.00793092061574819,-0.001722752249998965
0.18000000000000013,0.18566613221117526,-0.18834625065778995,0.0009686011861634107,0.00026178358394444545,0.008513366339808778,-0.04537600355576629
0.18100000000000013,0.18566639213955297,-0.18834273941658364,0.0009408023141736757,0.0002580714559387909,-0.0014913101417916251,-0.010220287508009154
0.18200000000000013,0.18566661804763895,-0.18833967927958115,0.0009184623592447004,0.00019374619388475426,0.007611232220733108,-0.03445844565940755
0.18300000000000013,0.1856668365584716,-0.18834054249514834,0.0009106616230831069,0.00024327435342200762,-0.00933775794480106,0.0188573486123767
0.18400000000000014,0.1856670482465568,-0.18834559121659325,0.0009182436549738615,0.00018010033990688095,-0.0007595117976634245,-0.003693753661691299
0.18500000000000014,0.1856672517805602,-0.18835448576314598,0.0009401811977220303,0.00022696869986501623,-0.017029165373950102,0.04756758868718602
0.18600000000000014,0.18566744405892832,-0.18836632567530498,0.0009737032299023014,0.00015758368073994208,-0.006650033149916185,0.019474584036286418
0.18700000000000014,0.18566762057204908,-0.18837976024756992,0.0010146371522224537,0.00019544422797570818,-0.02021837567934772,0.06239098079418342
0.18800000000000014,0.18566777594690384,-0.18839315486950398,0.0010579237960477686,0.00011529927518518464,-0.0065700839570334004,0.02417989632998618
0.18900000000000014,0.18566790460829666,-0.18840479269674,0.0010982418385647248,0.00014202437162424338,-0.016704865705062962,0.05645397019067765
0.19000000000000014,0.1856680014752971,-0.18841308670996015,0.001130664398845441,5.1704574639815236e-5,0.00011740355360976693,0.00838937583525015
0.19100000000000014,0.18566806260717608,-0.18841677604797763,0.0011512669592555367,7.055948320951393e-5,-0.007495750373024492,0.03281465224658028
0.19200000000000014,0.18566815150892813,-0.1884222523138584,0.0011751710633902534,0.00010724196973959292,-0.0034563788122022082,0.014992265100133163
0.19300000000000014,0.18566828704911872,-0.18841820540737148,0.0011611973980582598,0.0001638407033163301,0.01154994020309385,-0.04293882162029864
0.19400000000000014,0.18566853675829512,-0.18841235550696656,0.001128613632087874,0.00033557706773944317,0.00014933708999714568,-0.02222698204843849
0.19500000000000015,0.1856689700009733,-0.18841310377832582,0.0010988358014532974,0.000530909522684892,-0.001646279806769775,-0.03732720662996065
0.19600000000000015,0.1856696549691178,-0.1884286573502772,0.0010927330694235,0.0008390256071181657,-0.029460739354776402,0.025121773159133297
0.19700000000000015,0.18567058998267744,-0.18845900642531557,0.0011104410612309222,0.0010309974601963535,-0.03123675723819528,0.010292791000370116
0.19800000000000015,0.18567165946146721,-0.18847836010166116,0.0010754790864611183,0.0011079635581301914,-0.007470821139435482,-0.08021533390868119
0.19900000000000015,0.18567286386001627,-0.188487669812503,0.0009910821809840133,0.0013008354986453312,-0.011149631832202689,-0.08857443583027197
0.20000000000000015,0.18567431913943333,-0.18851450150042723,0.0009398049903488245,0.001609716072431672,-0.04251407171881481,-0.01397787587064157
0.20100000000000015,0.1856760260967318,-0.1885602728459451,0.0009264468253244103,0.0018041944358518655,-0.049028182822144974,-0.012738599558830811
0.20200000000000015,0.18567786988747242,-0.18860006415046326,0.0008774642621918942,0.0018833882240109178,-0.030554564844571513,-0.08522478454888491
0.20300000000000015,0.18567984949286245,-0.18863502562798623,0.0007969431752175705,0.0020758191822690592,-0.039369015376144685,-0.07581399918063032
0.20400000000000015,0.18568201130692488,-0.1886850468109754,0.0007485407782849514,0.002247800231671388,-0.060673326389101744,-0.02098927396658517
0.20500000000000015,0.18568428706413664,-0.18874393989143118,0.0007183580337838465,0.002303706590015062,-0.05711244316828258,-0.0393757578137029
0.20600000000000016,0.18568660576504914,-0.18880474786773713,0.0006901422842856811,0.002333685312969484,-0.06450306092969026,-0.01705541814054808
0.20700000000000016,0.18568889602147015,-0.18886041694856343,0.0006473531097941019,0.002246819708799625,-0.046834923413617294,-0.06852178443646995
0.20800000000000016,0.1856911542379735,-0.18891165050141587,0.0005928233720966757,0.002269602859214271,-0.05563222151785594,-0.040535883390198646
0.20900000000000016,0.18569337844106598,-0.18895962913595393,0.0005308575221347335,0.002178798091584637,-0.04032524221364413,-0.08339356900648964
0.21000000000000016,0.18569556774106277,-0.18900584215392735,0.00046670773701166694,0.002199790362258105,-0.05210102993713352,-0.04490362507036768
0.21100000000000016,0.18569772166994492,-0.1890518811898604,0.0004059330790254747,0.002108061251474246,-0.03997724478341175,-0.07664346922204954
0.21200000000000016,0.18569983948200028,-0.1890992215728935,0.00035372058801657333,0.0021275511445985195,-0.05470357855610617,-0.027779753646723176
0.21300000000000016,0.18570191950379683,-0.18914901847109564,0.00031425223725450527,0.0020324836411428305,-0.04489007257737646,-0.05115586365489057
0.21400000000000016,0.18570395861729885,-0.1892019430321566,0.00029019569602857547,0.002045733484396551,-0.060958649976766054,0.0030430361737850066
0.21500000000000016,0.18570595193909234,-0.1892580788031505,0.0002823818443635994,0.0019408984594688503,-0.05131222124683217,-0.01867135792734408
0.21600000000000016,0.18570789273864735,-0.1893168912910573,0.00028970874292719975,0.0019406931738852914,-0.0663118508038285,0.03332373931204945
0.21700000000000016,0.18570977260545782,-0.1893772744434284,0.0003092838958665016,0.0018190261374743332,-0.05445334433589724,0.005824495632801287
0.21800000000000017,0.1857115818489951,-0.18943766843254606,0.00033678729378706343,0.0017994543277179383,-0.06633343380311146,0.04917984740499529
0.21900000000000017,0.18571331008290587,-0.18949623418841374,0.0003670102928143488,0.0016569977216025268,-0.05079684319711908,0.01126357514214049
0.22000000000000017,0.1857149469263383,-0.1895510632920837,0.0003945039881320671,0.0016166820760562595,-0.05886023756718412,0.04372146015174152
0.22100000000000017,0.1857164827361406,-0.18960039727805425,0.00041425684371396355,0.0014549236349152678,-0.0398067713559693,-0.004217633344180707
0.22200000000000017,0.18571790928312357,-0.1896428294328362,0.0004223181498286705,0.0013981633246010657,-0.04505684464644945,0.02033908257900326
0.22300000000000017,0.1857192202878612,-0.18967746413518152,0.0004162901521652763,0.0012238379033532143,-0.024212160823125207,-0.032395399735387395
0.22400000000000017,0.1857204117520586,-0.1897040141944143,0.0003956282599572947,0.001159084507264892,-0.028887873735250924,-0.008927826026504547
0.22500000000000017,0.1857214820435635,-0.18972282415291453,0.00036171216703670037,0.0009814966921128535,-0.008732253914483066,-0.05890299159084375
0.22600000000000017,0.18572243172691935,-0.18973481674862663,0.00031767913057218725,0.0009178647341922789,-0.015253371514765534,-0.029161092857468648
0.22700000000000017,0.1857233289834235,-0.18974853929080662,0.000285599550880745,0.0008766458832228579,-0.012191965286473304,-0.03499670450189283
0.22800000000000017,0.18572424066476528,-0.18977209326782904,0.00028614360732688387,0.0009467141944846551,-0.0349156624606161,0.03608437324971041
0.22900000000000018,0.18572516359139493,-0.18980511981985576,0.0003184206544349738,0.0008991323933102089,-0.03113654380829404,0.028467513796522015
0.23000000000000018,0.1857260465470572,-0.18982844690258172,0.00032178336765876673,0.0008667737558192449,-0.015517253801760835,-0.021742672846022503
0.23100000000000018,0.18572695199240932,-0.1898487899168151,0.0003125929216215063,0.0009441137921233321,-0.025168623511386844,0.0033618788248559886
0.23200000000000018,0.18572787802366011,-0.18986617895750518,0.0002911623539908731,0.0009079472332868992,-0.009609516971504,-0.046222248906935534
0.23300000000000018,0.18572882420874687,-0.18988111758540885,0.00025928005033516233,0.0009844191743402513,-0.020267969132674857,-0.01754103280303742
0.23400000000000018,0.18572979136079326,-0.18989451260902568,0.00021999165976819784,0.0009498856048773773,-0.00652243999310417,-0.061034015826975575
0.23500000000000018,0.1857307811476361,-0.1899075537894141,0.0001772269105579788,0.001029683316562275,-0.019560323267100013,-0.024493581649540384
0.23600000000000018,0.1857317955862961,-0.18992155835652363,0.00013531747436182427,0.0009991941201540858,-0.00844919948714676,-0.059323438592798275
0.23700000000000018,0.18573283648699856,-0.1899377995269149,9.84652390779752e-5,0.001082601993290292,-0.02403341899680386,-0.014379483564401234
0.23800000000000018,0.1857339049155819,-0.18995734024325087,7.02267506518451e-5,0.0010542529117407134,-0.015048135761590876,-0.04209642638633863
0.23900000000000018,0.18573500074211954,-0.18998089265220477,5.307729417948586e-5,0.0011373956492051799,-0.03205659418129977,0.007797950369349674
0.24000000000000019,0.1857361223309262,-0.19000872070989697,4.810852108972279e-5,0.0011057768087493697,-0.023599207271065518,-0.01773574463987637
0.2410000000000002,0.1857372664115729,-0.19004059795455402,5.489684505127127e-5,0.0011823813098482145,-0.04015475803885689,0.03131148943239207
0.2420000000000002,0.18573842814647573,-0.19007582567630996,7.155886772444728e-5,0.0011410805356275762,-0.030299969912421582,0.002011090262321708
0.2430000000000002,0.18573960138902262,-0.19011330930055134,9.498701104000607e-5,0.0012054018050967718,-0.04466645262989897,0.044843363648267125
0.2440000000000002,0.18574077910069833,-0.1901516835431804,0.00012123618818250292,0.0011500116714680125,-0.03208113926928187,0.007652986246660131
0.2450000000000002,0.18574195387870981,-0.1901894709858445,0.00014601391271242036,0.0011995408987790683,-0.04349289592090652,0.04190055576958888
0.2460000000000002,0.18574311852916045,-0.1902252544611945,0.00016521319615203403,0.0011297505318394942,-0.028073293536565482,-0.003503594256714863
0.2470000000000002,0.18574426661750404,-0.19025784208030405,0.00017542262947019082,0.0011664219850025576,-0.03710136197914146,0.02392137226181063
0.2480000000000002,0.18574539292765832,-0.19028640449208212,0.00017435052590602468,0.0010861920333557972,-0.02002308185140443,-0.026066037244959733
0.2490000000000002,0.1857464937748288,-0.19031056752848938,0.0001611109069047643,0.0011154979576529186,-0.02830284179744178,-0.00041296886021578217
0.25000000000000017,0.18574756713260862,-0.19033044877938432,0.00013633593114256463,0.0010312154327129974,-0.011459730607893723,-0.049136093466119087
0.25100000000000017,0.1857486125605691,-0.1903466336455443,0.00010210092488289461,0.0010596358874953925,-0.020910246480744108,-0.019332497037402897
0.25200000000000017,0.1857496860902108,-0.1903660988215495,7.637721354433376e-5,0.0010874207962012722,-0.01802019385822432,-0.03211398429854217
0.25300000000000017,0.18575084253146482,-0.19039547401264018,7.606695660919035e-5,0.0012254589235453333,-0.04072979666134117,0.03149296764079693
0.25400000000000017,0.18575207796543053,-0.19043434639377502,0.00010017011737694711,0.0012454016019718226,-0.037014101833847284,0.016711455212789463
0.25500000000000017,0.18575334107159963,-0.19046374720283113,8.874913579438266e-5,0.001280806688132714,-0.021787272716192702,-0.0395533694042627
0.25600000000000017,0.18575469479548007,-0.19049082467064107,5.9607490453850086e-5,0.0014266371592126612,-0.032367693279313894,-0.018728948031690458
0.2570000000000002,0.18575613805896618,-0.19051621398328714,1.505613240317575e-5,0.00145989013843449,-0.018411204416309265,-0.07037198683011019
0.2580000000000002,0.18575767136621876,-0.19054111710310107,-4.0808149245380885e-5,0.0016067189813560995,-0.031395456354208665,-0.04135423520812985
0.2590000000000002,0.18575929627916796,-0.1905671412217011,-0.00010260400885966105,0.0016431078431722358,-0.020653281979146454,-0.08223485143144797
0.2600000000000002,0.18576101472793172,-0.1905960861406949,-0.000164325095863814,0.001793782272176481,-0.03723699876377129,-0.04120476393107474
0.2610000000000002,0.18576282824240226,-0.1906297068974355,-0.0002200763029018121,0.0018332446056852996,-0.030004825209969662,-0.07029545797456696
0.2620000000000002,0.1857647372031333,-0.1906694809392118,-0.00026479607951588615,0.0019846689617612516,-0.04954332317632835,-0.01914257559277416
0.2630000000000002,0.1857667402035968,-0.19071640866158115,-0.00029487547721125543,0.002021325701001305,-0.044311893752787705,-0.04101555128310066
0.2640000000000002,0.18576883360480698,-0.19077087195263862,-0.00030859773179998137,0.002165470359706648,-0.06461413682752767,0.01357076050419538
0.2650000000000002,0.18577101133616294,-0.19083256825460984,-0.0003063440303604212,0.0021899818180667868,-0.05877758981559872,-0.009064572115096429
0.2660000000000002,0.18577326497038826,-0.19090052835854446,-0.00029054014293331703,0.0023172814486827386,-0.0771414850403642,0.04067035699727708
0.2670000000000002,0.18577558406338474,-0.1909732157451198,-0.0002653505523052859,0.0023208898139860045,-0.06823194016466311,0.009706261841420025
0.2680000000000002,0.18577790175155998,-0.19104271197773812,-0.0002508105699524378,0.002314475382719588,-0.07075937278291107,0.01937173395781562
0.2690000000000002,0.1857801525532042,-0.19110151952869966,-0.0002656500199670561,0.002187115480672423,-0.04685511847862897,-0.04905094681805304
0.2700000000000002,0.18578233000104666,-0.19114931266389334,-0.00031027785542250277,0.0021677710795774303,-0.048731105557254836,-0.04020334636996626
0.2710000000000002,0.18578443172374023,-0.19118697310155444,-0.00038137772552734666,0.0020356735287497363,-0.02659024086204136,-0.10199349186863596
0.2720000000000002,0.18578645902956736,-0.19121646054377592,-0.0004723106176938558,0.002018928746000596,-0.03238547683740753,-0.07986827498449559
0.2730000000000002,0.1857884819188338,-0.19124772100368306,-0.0005563681570526018,0.0020268459248886476,-0.030136169555001743,-0.0882431549230702
0.2740000000000002,0.18579056948532852,-0.19129043275228813,-0.0006076748755452264,0.002148275619021532,-0.05528743556627934,-0.014368490696371573
0.2750000000000002,0.185792720511967,-0.19134578567666766,-0.0006219873507073756,0.0021537684385461806,-0.05541785039054139,-0.01425673198069607
0.2760000000000002,0.1857948190881488,-0.1913887554221861,-0.0006730790459116069,0.0020433809432637206,-0.030521761455260695,-0.0879248572000066
0.2770000000000002,0.18579686404091086,-0.1914205207866127,-0.0007567395686040744,0.0020465177589473527,-0.03300967561387959,-0.07939257248332442
0.2780000000000002,0.18579896828921424,-0.19146829825905679,-0.0007912881403526894,0.002161968461915588,-0.06254508261323628,0.010296296815131646
0.2790000000000002,0.18580112847573238,-0.1915326147845966,-0.000774537223521452,0.0021583945140039567,-0.06608685820164435,0.023203551369198543
0.2800000000000002,0.1858032247985001,-0.19158722335113187,-0.0007840559849124127,0.0020342389118881013,-0.04312964896661401,-0.04224157815537705
0.2810000000000002,0.18580525087561708,-0.19163167149099486,-0.0008207015442113238,0.0020179067761608763,-0.045766521497234945,-0.031048501820238057
0.2820000000000002,0.1858072559430269,-0.19167225445504568,-0.0008681068374700826,0.001992223284016417,-0.03539950510025977,-0.0637604321513685
0.2830000000000002,0.18580929066338964,-0.191715701920905,-0.000908563284004002,0.002077208566692959,-0.05149538217283235,-0.017151218142221262
0.2840000000000002,0.18581135279849204,-0.19176281129599299,-0.0009390689039971979,0.0020470541606556827,-0.04272314156196328,-0.043859334608103775
0.2850000000000002,0.1858134387524437,-0.19181397690890764,-0.0009578655278869059,0.0021248457774685186,-0.0596076424401339,0.006266114322543948
0.2860000000000002,0.18581554336645995,-0.1918691224331935,-0.0009646496368809933,0.002084371780187201,-0.050682740255267034,-0.0198349792376285
0.2870000000000002,0.18581765990395618,-0.19192769131634432,-0.0009606036799715671,0.0021486963147814516,-0.0664541750762312,0.02792565167615171
0.2880000000000002,0.18581978022756415,-0.19198869641214386,-0.0009482440136042226,0.0020919376945616715,-0.05555500345392274,-0.003208032748711439
0.2890000000000002,0.1858218951508043,-0.19205082281146565,-0.0009311041925147246,0.0021379018652844446,-0.06869671721035656,0.03748571648185643
0.2900000000000002,0.18582399492130233,-0.19211257116156522,-0.0009132928234928799,0.0020616244837957376,-0.054798881732227245,-0.0018649814926222647
0.2910000000000002,0.18582606978082147,-0.19217242393933204,-0.0008989804099560144,0.0020880868000856772,-0.06490566284317824,0.03048802942980416
0.2920000000000002,0.18582811053284717,-0.19222901411623333,-0.000891878710614984,0.0019934038250968697,-0.04827380830122595,-0.016286004349557997
0.2930000000000002,0.18583010905180947,-0.19228127555713237,-0.0008947767030856037,0.0020036258362708076,-0.05624839856463334,0.010489233266942132
0.2940000000000002,0.18583205867017305,-0.19232855655271316,-0.0009091905997136485,0.0018956012328001422,-0.03831313840531274,-0.039317150590434426
0.2950000000000002,0.1858339543991122,-0.19237068260828533,-0.0009351710051041792,0.001895848402361561,-0.04593874975606012,-0.012643113275782833
0.2960000000000002,0.18583579295480662,-0.192407960730294,-0.0009712911015109766,0.0017812573789402193,-0.02861748135566842,-0.05959593116737536
0.2970000000000002,0.18583757259089176,-0.19244112477539035,-0.001014817330509253,0.0017780064175753898,-0.03771074604416955,-0.027454944519589172
0.2980000000000002,0.18583931882048124,-0.19247406365420514,-0.0010550989247625142,0.0017144477799363133,-0.02816711537640599,-0.05310681100319823
0.2990000000000002,0.18584105688293562,-0.19251055527181166,-0.0010818407437694223,0.001761669347843145,-0.044815983975762905,-0.0003761428103082013
0.3000000000000002,0.1858427842779642,-0.19255101464059424,-0.001093332237027484,0.001693112717596701,-0.036102355102401784,-0.022606990607137452
0.3010000000000002,0.185844496643362,-0.1925952627430122,-0.0010897111437864558,0.0017316124615374495,-0.05239319947200245,0.029848212002032144
0.3020000000000002,0.18584618779135817,-0.19264253395385633,-0.0010729417580367649,0.0016506725915754986,-0.04214833814739503,0.0036888712778151414
0.3030000000000002,0.18584780606316376,-0.19267399671926436,-0.0011024354717515058,0.0015858677168388358,-0.020777172579835055,-0.06267537598805721
0.3040000000000002,0.18584941584738116,-0.19269740608454322,-0.001158436716530423,0.0016336956226401655,-0.026042003895628708,-0.04932473184739451
0.3050000000000002,0.18585108489334273,-0.19272156624544812,-0.00121793661021814,0.0017043952171216575,-0.02227881049337771,-0.06967250581885448
0.3060000000000002,0.18585288110361464,-0.1927553935970417,-0.0012575609007872374,0.0018880180761459123,-0.04537596973322049,-0.009574704493273696
0.3070000000000002,0.18585480338056884,-0.192799794878513,-0.0012740620675031227,0.0019565294969241262,-0.04342621561748931,-0.02342759156622261
0.3080000000000002,0.18585680331794915,-0.19283715098066184,-0.001323023023265132,0.002043344661282173,-0.03128616215235334,-0.07449252741603758
0.3090000000000002,0.18585894614485965,-0.1928758170144617,-0.0013827150641648519,0.0022423029562390483,-0.04604619393894154,-0.04488926799267112
0.3100000000000002,0.18586123188826983,-0.19291733632966312,-0.0014478128809058259,0.0023291832190775346,-0.036992774813361766,-0.08530384063279432
0.3110000000000002,0.18586366066730936,-0.1929634013926282,-0.0015124860972552565,0.0025283665031125583,-0.055137603742510984,-0.044040192219433574
0.3120000000000002,0.18586623195581878,-0.19301562415619464,-0.001571112002172619,0.00261420649352901,-0.04930802268626938,-0.07320961019547885
0.3130000000000002,0.18586894387750297,-0.19307531488981286,-0.0016189623080481836,0.0028096279038094217,-0.0700732845166516,-0.02248967945879728
0.3140000000000002,0.18587179262009146,-0.19314329685893178,-0.0016527789539089418,0.00288784874732504,-0.06589019309685464,-0.04514312859751097
0.3150000000000002,0.18587477204464092,-0.19321977977923574,-0.0016711681394211777,0.003070992498898243,-0.08707486419445407,0.00836432096280394
0.3160000000000002,0.1858778735370498,-0.19330430772426824,-0.0016747638392844752,0.0031319791428522465,-0.0819799201360417,-0.015557045787609837
0.3170000000000002,0.1858810158636121,-0.1933868868264312,-0.0016892063450689567,0.003152660649160267,-0.08317735115813936,-0.013328716590223723
0.3180000000000002,0.18588411903357518,-0.19345793317320992,-0.0017388520976547714,0.003053669482673611,-0.0589150547226386,-0.08596156233016425
0.31900000000000023,0.18588717798954332,-0.19351816965961913,-0.0018206417241699638,0.003064231189302525,-0.06155821067138771,-0.07761467738289175
0.32000000000000023,0.18589019193931236,-0.19356960658213793,-0.0019275338854379744,0.0029636685157115473,-0.04131641857480489,-0.13616518226921245
0.32100000000000023,0.18589316345724605,-0.1936152647447948,-0.0020493650640955826,0.002979352976798496,-0.050000934875527765,-0.10749191176997815
0.32200000000000023,0.18589609717680303,-0.19365877412201812,-0.0021740945199109087,0.002888084490547671,-0.03701895046218596,-0.14196150818785164
0.32300000000000023,0.1858989982462769,-0.1937038976217084,-0.0022892812691269197,0.002914035237680411,-0.05322898070134887,-0.08840706392202465
0.32400000000000023,0.18590187074140688,-0.19375403893258805,-0.0023836102477260168,0.0028309461767779304,-0.047054248346559024,-0.10024705973268928
0.32500000000000023,0.18590471623529858,-0.19381179514779617,-0.0024482799564401934,0.0028600244969152664,-0.06845825784267119,-0.029090174684513224
0.32600000000000023,0.18590753269841753,-0.19387860955804215,-0.002478079821459568,0.0027728879733702333,-0.0651700492335869,-0.03050926011378377
0.32700000000000023,0.18591027016346087,-0.19393700852367626,-0.0025278914157836267,0.0027020332308435716,-0.051627768705295785,-0.06911246996454087
0.32800000000000024,0.1859129911940496,-0.19399507364851293,-0.0025766323672096587,0.0027400156960409234,-0.06450234719714908,-0.028368038754590718
0.32900000000000024,0.18591569233948824,-0.1940536831240971,-0.0026208874539650835,0.002662265189544365,-0.05271640890662088,-0.060140960689957786
0.33000000000000024,0.18591836968514336,-0.19411354939206088,-0.002657763206429541,0.002692414117059271,-0.06701580735994243,-0.013609773807649519
0.33100000000000024,0.1859210185056126,-0.19417510702172164,-0.0026852371119881193,0.0026052148379313903,-0.056098982353173704,-0.0413377604361092
0.33200000000000024,0.18592363303251308,-0.19423843526120557,-0.002702399533532496,0.0026238280905157684,-0.07055686368724982,0.0070126450554770054
0.33300000000000024,0.18592620636491755,-0.19430322486810744,-0.0027095583881989265,0.002522822671476185,-0.05902155341255326,-0.021331157272546437
0.33400000000000024,0.18592873053852035,-0.19436879342376626,-0.0027081937608478815,0.002525514743173776,-0.0721146441133212,0.02405917726596509
0.33500000000000024,0.18593119674469757,-0.1944341472525716,-0.00270076806820012,0.0024068820540273433,-0.05859200527888568,-0.009209339690559116
0.33600000000000024,0.18593359567789924,-0.19449808245041222,-0.0026904151686353555,0.0023909749031527138,-0.06927737623556614,0.029913484255891805
0.33700000000000024,0.18593591796838638,-0.19455931253090983,-0.002680546905677749,0.0022535905336109547,-0.05318179819134902,-0.01017855623862377
0.33800000000000024,0.1859381546521611,-0.19461660710182885,-0.0026744255223333647,0.002219767582654122,-0.0614064763466371,0.02241999668908378
0.33900000000000025,0.18594029761953487,-0.19466892441646017,-0.0026747548853551534,0.00206615398599576,-0.043227431574689335,-0.02307964662145883
0.34000000000000025,0.18594233999135887,-0.19471552159857858,-0.002683340839908831,0.002018580616514412,-0.049966411106244606,0.00590733627112716
0.34100000000000025,0.185944342342974,-0.1947631995265756,-0.0026833037376268612,0.001986113309419304,-0.04538879110532545,-0.005833982581816271
0.34200000000000025,0.18594632059273433,-0.19480088090116435,-0.0027146346655435136,0.0019703815984545344,-0.029973879986756196,-0.056826966704135014
0.34300000000000025,0.18594833845738565,-0.19483629575514094,-0.00275759183054316,0.002065340685293464,-0.040855931619201806,-0.02908584887443786
0.34400000000000025,0.18595046093217887,-0.19487761596423275,-0.0027910511855649186,0.0021796039072458384,-0.041784387403412095,-0.037831918103608475
0.34500000000000025,0.1859527076464458,-0.194915034868248,-0.0028510273252680737,0.0023138251639762907,-0.03305374977465102,-0.08211801366287863
0.34600000000000025,0.18595514477925418,-0.19495729440773912,-0.002914560286366723,0.002560433635044981,-0.051465621300176984,-0.04494549799542496
0.34700000000000025,0.18595777216202555,-0.19500602118634838,-0.002976021153736604,0.0026943298314468416,-0.04598812831848344,-0.07797401909837677
0.34800000000000025,0.1859605885836377,-0.1950626755835247,-0.0030302409944037534,0.002938505284605324,-0.06732063625474144,-0.03046396985365388
0.34900000000000025,0.18596359114641886,-0.19512834876616925,-0.0030731412824890917,0.0030666138019034427,-0.06402543144636384,-0.05533562085471044
0.35000000000000026,0.18596677476894918,-0.195203603397763,-0.0031022292974899855,0.0033006236945361694,-0.08648321340766454,-0.002840289408628669
0.35100000000000026,0.18597013189574316,-0.1952883777842959,-0.003116897149526699,0.00341361866404998,-0.08306461027104908,-0.02649618235673678
0.35200000000000026,0.18597360877925148,-0.19536440653590845,-0.003174353971543071,0.0035401446183506904,-0.06899266488889033,-0.08841592069732851
0.35300000000000026,0.18597726626838196,-0.19543978609425264,-0.0032532820965295354,0.0037748259998192394,-0.08176651148229593,-0.06943773190822894
0.35400000000000026,0.18598110116317842,-0.1955162073218882,-0.003347494452801365,0.0038949627546846118,-0.07107621981199919,-0.11898360513201633
0.35500000000000026,0.18598511145792027,-0.19559588402432818,-0.003449128464055861,0.004125615359941128,-0.08827748658624054,-0.08428077721203106
0.35600000000000026,0.18598929535365605,-0.1956812442679759,-0.0035496047523206893,0.004242171574907508,-0.08244323367443761,-0.11666827729646485
0.35700000000000026,0.18599365018638822,-0.195774593360249,-0.0036406739298556045,0.0044674794854640005,-0.104254917753955,-0.0654672114941707
0.35800000000000026,0.18599817140343541,-0.19587779025835442,-0.003715421816979699,0.004574943656321836,-0.10213850565153615,-0.08402665290905192
0.35900000000000026,0.18600278574066414,-0.1959848067934817,-0.0037866681522920552,0.00465371338995083,-0.11189407345580386,-0.05846437069585146
0.36000000000000026,0.18600741915470534,-0.19608943652520583,-0.003867759358779056,0.0046131005140402125,-0.09736507915727628,-0.1037158335246412
0.36100000000000027,0.18601206479525267,-0.19619302464061625,-0.003953296309920454,0.004678160835391437,-0.10981089475975557,-0.06735565563708759
0.36200000000000027,0.1860167163338488,-0.19629708781906235,-0.004037345105672275,0.004624900427402764,-0.09831519439584559,-0.10073957396996783
0.36300000000000027,0.1860213672456237,-0.19640308349031402,-0.004114155367987419,0.004676901784552504,-0.11367573468968484,-0.052879020738307504
0.36400000000000027,0.1860260101149675,-0.19651218641602017,-0.004178855668439693,0.004608817165125723,-0.10452950579991055,-0.07652028664106411
0.36500000000000027,0.18603057006609802,-0.19661792966749578,-0.004245599096563831,0.004511060804177836,-0.10695644375384271,-0.05696513265645941
0.36600000000000027,0.18603497288103885,-0.19671396675270572,-0.00432819139842351,0.004294550117926597,-0.08511754097314381,-0.1082170331238054
0.36700000000000027,0.1860392130462119,-0.19680181973353558,-0.004420762522046488,0.004185755739951898,-0.09058845955525753,-0.07692217142864577
0.36800000000000027,0.18604328700227457,-0.19688347994577293,-0.004516036188052785,0.003962139687732362,-0.07273215122984578,-0.1136218281176612
0.36900000000000027,0.1860471922430427,-0.19696112314260145,-0.004606215327412354,0.003848316840539082,-0.08255438234812562,-0.06673335339077478
0.3700000000000003,0.18605092634644146,-0.1970368036860548,-0.004683932070843975,0.0036198717094401024,-0.06880672386729259,-0.08869758640946217
0.3710000000000003,0.18605448606517322,-0.1971121655779132,-0.004743145637044893,0.003499543236592984,-0.0819168112135998,-0.029727954865796557
0.3720000000000003,0.18605786658793527,-0.1971882061522516,-0.004779876838328768,0.003261482230636515,-0.07016378208963941,-0.04373397513732381
0.3730000000000003,0.18606101761373725,-0.1972475635893895,-0.004848553629667041,0.003040558545178716,-0.048551226903521,-0.09361720467718578
0.3740000000000003,0.18606400333766188,-0.19729896988807313,-0.004926014793068025,0.002930872593399443,-0.05426170990470745,-0.0613021774857302
0.3750000000000003,0.18606688972843594,-0.19735158080629947,-0.004987835088336319,0.0028418972974846796,-0.0509602507134879,-0.06233625511711748
0.3760000000000003,0.18606969777247837,-0.19739642616413947,-0.005067248407945097,0.0027741859149825565,-0.03873095423293824,-0.0964871854277141
0.3770000000000003,0.18607249443892185,-0.19744282495726695,-0.00513937992581091,0.0028191329765143566,-0.05406696945681115,-0.04777309226968709
0.3780000000000003,0.1860752940244274,-0.19749419119751885,-0.005194001652728454,0.002780028953334861,-0.04866556065344845,-0.06146853586855134
0.3790000000000003,0.186078082007103,-0.19754247423069912,-0.005257310659906804,0.0027959282247032955,-0.047900716848692966,-0.06514716646180403
0.3800000000000003,0.18608089683547951,-0.1975855998605106,-0.0053406459215877815,0.002833726963843431,-0.038351116574991066,-0.10151993026386386
0.3810000000000003,0.18608380598433694,-0.19763304975647805,-0.005418632994581595,0.0029845587480919907,-0.05654908255835042,-0.054451187482625646
0.3820000000000003,0.18608680984544682,-0.19768688434360637,-0.005484206692302826,0.0030231570784189387,-0.0511202661566737,-0.07669387214191978
0.3830000000000003,0.18608990688188234,-0.19774863503154605,-0.0055319173831751625,0.003170904265859013,-0.07238091467879762,-0.018726236757488912
0.3840000000000003,0.18609309295759527,-0.19781909035219777,-0.00555859528458644,0.0032012357498559596,-0.06852913374230517,-0.03462947931062826
0.3850000000000003,0.18609631763188192,-0.19788061544943336,-0.005619597000531705,0.0032481082306450595,-0.05452107794847676,-0.08737196824724217
0.3860000000000003,0.18609964399240772,-0.19794164052718174,-0.005692698209961714,0.003404602492007525,-0.06752924356844658,-0.05882789401039335
0.3870000000000003,0.1861030702089866,-0.19800385827521352,-0.005771859167692701,0.0034478262371239526,-0.056906509197918446,-0.09949114141424734
0.3880000000000003,0.18610659481336003,-0.19806915743375644,-0.005850403395384854,0.0036013695857838616,-0.07369198293563242,-0.05759457161929066
0.3890000000000003,0.18611021586778073,-0.1981393605816372,-0.0059218319948170116,0.003640731105964429,-0.06671434652764062,-0.08526028595574804
0.3900000000000003,0.1861139301628458,-0.19821596910363345,-0.005980615992000125,0.0037878453648353015,-0.08650244983702907,-0.032306150084678485
0.3910000000000003,0.18611773254246947,-0.19829994696303094,-0.006022868451607055,0.0038169009284578694,-0.08145270636452459,-0.05219814178062847
0.3920000000000003,0.1861215721809012,-0.1983740127065738,-0.00610267692646002,0.0038623715469863307,-0.0666788916599444,-0.107416095798572
0.3930000000000003,0.18612551212846074,-0.19844707754359572,-0.00619615229024104,0.004017511108025919,-0.07945106034689348,-0.07953127721519763
0.3940000000000003,0.1861295507120918,-0.1985213775805337,-0.006295396509056582,0.004059651140092918,-0.06914938481616997,-0.11895348438444257
0.3950000000000003,0.18613368658459092,-0.19859933409914732,-0.006391908953458665,0.004212077798616976,-0.0867638945711974,-0.07406800020991759
0.3960000000000003,0.18613791766587653,-0.198683219475241,-0.006477623757318808,0.0042500744964247454,-0.08100690006004596,-0.09735879489930338
0.3970000000000003,0.18614224014873512,-0.19877484051317798,-0.006545893558086343,0.004394874592643892,-0.10223484832235104,-0.039179049670256566
0.3980000000000003,0.1861466476898992,-0.19887527846814407,-0.006592297596609149,0.0044201917513437845,-0.0986403289806885,-0.05362848759657809
0.3990000000000003,0.18615108770722946,-0.19896716093498712,-0.0066710373112256575,0.004459834340096514,-0.0851244543527374,-0.10384860246098838
0.4000000000000003,0.18615562077840947,-0.19905910443902294,-0.00675897123110946,0.004606292981810622,-0.09876249769713788,-0.0720164955657567
0.4010000000000003,0.18616024222768804,-0.1991528777162595,-0.006849487077077596,0.004636595584777576,-0.08878403754645772,-0.10901230732300131
0.4020000000000003,0.18616494735382078,-0.19925031394940104,-0.0069357479060715875,0.004773638893550637,-0.10608826712168472,-0.06350680050964809
0.4030000000000003,0.18616973059534134,-0.19935304371998078,-0.007011522386174749,0.0047928295269645625,-0.09937091933787734,-0.08804018149161091
0.4040000000000003,0.18617458478057997,-0.1994622521806454,-0.007071940398660351,0.004915522834968596,-0.1190453294457911,-0.03279478655804104
0.4050000000000003,0.1861795005531655,-0.19957849057804375,-0.007114080174908073,0.004916002573644967,-0.1134304549544514,-0.05148472298214596
0.4060000000000003,0.18618435691467083,-0.1996768384527976,-0.007210733218790095,0.004796712034668869,-0.08326531539291072,-0.14181820473048734
0.4070000000000003,0.18618914918130555,-0.19975927925447998,-0.00735453590884693,0.004787806916073,-0.08161713362061997,-0.14578144342792076
0.4080000000000003,0.18619398793068156,-0.19985441204114046,-0.007458865094701437,0.004889664513553228,-0.10864852096255515,-0.06287348430946128
0.4090000000000003,0.1861988694274249,-0.19996453634643835,-0.007515384572928805,0.004873307872456858,-0.11159934933857603,-0.05016461576665809
0.4100000000000003,0.18620367476377392,-0.20006532620573356,-0.007595058947462457,0.004737348169149978,-0.08998009593874629,-0.109181906158998
0.4110000000000003,0.1862083974316555,-0.2001581321491296,-0.007692512760394307,0.004707965820804272,-0.09563183780961555,-0.08572252101551318
0.4120000000000003,0.186213033515175,-0.20024504558517947,-0.007800097663760541,0.004564187819205682,-0.07819533729123491,-0.1294434064727097
0.4130000000000003,0.18621758074705363,-0.20032859941204872,-0.007908823072388875,0.004530251439346275,-0.08891262962224203,-0.08800350503728344
0.4140000000000003,0.18622203739238255,-0.20041141508937302,-0.008009452286478985,0.004383022857944516,-0.07671897509653634,-0.11325133985878401
0.4150000000000003,0.1862264011078469,-0.20049583972765794,-0.008093629713142174,0.004344383163562891,-0.092130263406034,-0.055100856563518034
0.4160000000000003,0.18623066791618148,-0.20058361822528284,-0.008154899261448004,0.0041892129942188985,-0.08342636025468891,-0.0674367394256627
0.4170000000000003,0.18623478845804953,-0.200658085007422,-0.008245348892589398,0.0040518594516880625,-0.06550744355948891,-0.11345928078095235
0.4180000000000003,0.18623882668815303,-0.20072851974090625,-0.008339913192513268,0.004024580389317595,-0.07536233030639387,-0.07566587796836843
0.4190000000000003,0.1862428473977156,-0.20080440489842094,-0.00841292403679237,0.004016823820182759,-0.07640794548199148,-0.07035351097214822
0.4200000000000003,0.186246869825766,-0.20087682997502326,-0.008497179193302704,0.004028023188363451,-0.06844239096700236,-0.09815384816797314
0.4210000000000003,0.1862509575780452,-0.20095488583632395,-0.00856823565680798,0.004147464834369463,-0.08766922325348321,-0.04395694705389012
0.4220000000000003,0.18625510632248266,-0.20103994733024583,-0.008620882939488036,0.00415000981452041,-0.08245333043306129,-0.06133648650455467
0.4230000000000003,0.18625926631435344,-0.20111508485276208,-0.008708078419100729,0.004169968360722963,-0.0678219174497647,-0.11305139560607314
0.4240000000000003,0.18626350106234027,-0.20118945365227897,-0.008805145335285432,0.004299512792769509,-0.08091598502420531,-0.08107893419715996
0.4250000000000003,0.1862678089633774,-0.20126539716339245,-0.008903829725843023,0.004316281819728221,-0.07097137908232211,-0.1162862204528878
0.4260000000000003,0.18627218833392248,-0.2013452929702249,-0.008995752088966243,0.004442441379440647,-0.08882038218250844,-0.06755537355115158
0.4270000000000003,0.18627663637565284,-0.201431223664639,-0.009073429504120326,0.0044536291937999255,-0.08304090944736567,-0.08779708020693316
0.4280000000000003,0.18628114826383418,-0.2015246834660594,-0.009131187333272261,0.0045701298489435205,-0.10387819590856029,-0.027717379695255645
0.4290000000000003,0.18628571646815753,-0.20162635701275963,-0.009165847266050466,0.004566260607417149,-0.09946798513546906,-0.041602555554789124
0.4300000000000003,0.18629028755966748,-0.2017184424963289,-0.0092329655676631,0.004575910962578499,-0.084702669078723,-0.0926322876117781
0.4310000000000003,0.1862949210621143,-0.201809144064162,-0.009310711734566565,0.004691078110017363,-0.09670028801230464,-0.06285778888404896
0.43200000000000033,0.1862996115369322,-0.20189988962218466,-0.009393571256218768,0.004689860085230381,-0.084790747628804,-0.10285868450036371
0.43300000000000033,0.18630435397471068,-0.201992286356489,-0.009475458541906824,0.0047949972206227705,-0.10000256656905687,-0.060913466828191654
0.43400000000000033,0.18630914305805235,-0.20208788340897516,-0.009550455000060333,0.004783154658468038,-0.09119127366466666,-0.08907737396186946
0.43500000000000033,0.18631397245177278,-0.202187941243055,-0.009613526718408372,0.00487561379571191,-0.10892387810056023,-0.03706471698766779
0.43600000000000033,0.1863188342064541,-0.20229323633972493,-0.009661132522118936,0.004847876365974813,-0.10166553159004324,-0.0581463734222804
0.43700000000000033,0.18632367558070773,-0.20238637059956163,-0.009747505198751318,0.004834862270893867,-0.08460293418845331,-0.1145962574490062
0.43800000000000033,0.18632855762629036,-0.20247621059773513,-0.009848694825125372,0.004929211432530795,-0.0950772107681858,-0.08777955901319663
0.43900000000000033,0.1863334770262693,-0.2025650216483177,-0.009956530647134086,0.004909578653573536,-0.08254518583576209,-0.1278882172205437
0.44000000000000034,0.18633843115926,-0.20265531772002268,-0.01006206144369542,0.004998666102544212,-0.09804714328344351,-0.08316975615643957
0.44100000000000034,0.18634341699690846,-0.2027495102141741,-0.010156646435894114,0.004972994227999286,-0.0903378677575292,-0.10599714610324887
0.44200000000000034,0.18634843004982143,-0.2028495690948587,-0.010233008286233443,0.005053089760717972,-0.10977954747311504,-0.04672456311630879
0.44300000000000034,0.18635346348974563,-0.20295673844256268,-0.010286117327614258,0.005013769627694147,-0.10455841056596793,-0.05949276514701891
0.44400000000000034,0.18635846487141863,-0.20305378724493237,-0.010369654765078234,0.004988981026324677,-0.08953904115028717,-0.1075796074783837
0.44500000000000034,0.18636349447021697,-0.2031494256702595,-0.010460126751598213,0.005070197188130541,-0.1017377278137542,-0.07336157353246553
0.44600000000000034,0.18636854726166516,-0.2032454581491269,-0.010550767387036046,0.005035371468454231,-0.09032718053591325,-0.10791683251902313
0.44700000000000034,0.18637361817773232,-0.20334368931581254,-0.010634805930890752,0.005106439153283499,-0.10613493921324049,-0.0601578432545913
0.44800000000000034,0.18637870128892053,-0.20344565975235301,-0.010706288497188061,0.005059764750530542,-0.09780552691910559,-0.0828055098620074
0.44900000000000034,0.18638378909673226,-0.20355241425458057,-0.010760799362553867,0.005115829947358759,-0.11570274897653034,-0.026215424838902292
0.45000000000000034,0.18638887202130044,-0.20366433140433163,-0.010795992149071471,0.005049996311452786,-0.1081304987463099,-0.0441703790511393
0.45100000000000035,0.1863938955163613,-0.20376348164757957,-0.010867720971216315,0.004996978991325872,-0.09016964136182123,-0.09928539221232348
0.45200000000000035,0.18639891858498797,-0.20385812925346203,-0.010953889061864936,0.005049139066780232,-0.0991254466699799,-0.0730481859599387
0.45300000000000035,0.18640396350462182,-0.2039529301481503,-0.011040860737083132,0.005040685969216006,-0.0904762586136933,-0.10089246640814568
0.45400000000000035,0.18640905257997353,-0.20405256623143694,-0.011114915940702796,0.005137444309116829,-0.10879554190264708,-0.0472160503485539
0.45500000000000035,0.18641417881859865,-0.20415820643829655,-0.011171268576662525,0.005115013714219141,-0.10248420627741871,-0.065488268769743
0.45600000000000035,0.18641929033310942,-0.2042527565869963,-0.011263180938831517,0.005108005147193736,-0.0866160987087942,-0.11833347215946817
0.45700000000000035,0.18642444844480316,-0.20434525742792892,-0.011366133971118898,0.005208199566685361,-0.09838571655656966,-0.08756912248127856
0.45800000000000035,0.18642964958206304,-0.20443799773195603,-0.011471853507292589,0.005194063332629536,-0.08709510439623741,-0.12386625672169099
0.45900000000000035,0.18643489036724717,-0.20453336008952308,-0.011571764189105391,0.005287485025578269,-0.10362964915273185,-0.07595186264484438
0.46000000000000035,0.1864401665689839,-0.2046334848425957,-0.011658033553577194,0.005264901483027262,-0.09661968397434413,-0.09658430674872537
0.46100000000000035,0.18644547215747503,-0.20473996359740965,-0.011724524890102889,0.0053462537566365525,-0.11633726014771341,-0.03639697819135148
0.46200000000000035,0.18645079857633626,-0.20485360038578015,-0.011767540338438498,0.005306561728776903,-0.11093535263253633,-0.04963378401108358
0.46300000000000036,0.18645609180837458,-0.2049567168733737,-0.01184211632814305,0.005279887325540648,-0.09529726435368299,-0.09951624694804626
0.46400000000000036,0.18646141055382112,-0.20505762007748224,-0.011925977828903528,0.005357583847107238,-0.10650890319145957,-0.06820438153121151
0.46500000000000036,0.18646674848856853,-0.20515780573313794,-0.012013285005031706,0.005318270307683916,-0.09386226025307196,-0.1064073385786202
0.46600000000000036,0.1864720996734194,-0.2052589011246581,-0.012097787004363616,0.005384077420965056,-0.1083282775432842,-0.06259427512724859
0.46700000000000036,0.1864774578043419,-0.2053624216900248,-0.012173579133082526,0.005332165656163013,-0.09871248887743439,-0.08898800606562274
0.46800000000000036,0.18648281551279738,-0.2054695413869128,-0.012235817759863366,0.005383229056438294,-0.11552627382161376,-0.03548807810167162
0.46900000000000036,0.18648816380022376,-0.20558090535921125,-0.012281303914936547,0.005313322893529157,-0.10720077135893757,-0.05548393157882809
0.47000000000000036,0.1864934492222072,-0.20567895542302728,-0.012364716110876115,0.00525750737201497,-0.08889919492533942,-0.11133796513536488
0.47100000000000036,0.18649873192547592,-0.20577238252651817,-0.012462611711934135,0.005307878961853034,-0.09795506236820561,-0.08445003271961202
0.47200000000000036,0.18650407385994738,-0.20587045376197932,-0.012549763358472098,0.005375974907719988,-0.0981872775433942,-0.08985062824464463
0.47300000000000036,0.18650949297983332,-0.20596443864004468,-0.012658161927607556,0.005462257310081559,-0.08978272765032529,-0.12694269025789856
0.47400000000000037,0.18651505202254715,-0.20606396567126536,-0.012761423687999091,0.0056558095209724235,-0.10927137312972345,-0.0795774899978571
0.47500000000000037,0.18652074641345745,-0.20617123282222727,-0.012851487862086262,0.005732958448980772,-0.10526272602857759,-0.10054822141302196
0.47600000000000037,0.18652656942474025,-0.20628786202210136,-0.012922044502655178,0.005913045135602545,-0.12799503737699294,-0.04056364125210431
0.47700000000000037,0.18653251143019056,-0.2064146538106,-0.012969297985197763,0.005970945612532135,-0.12558747021055913,-0.05394319331441029
0.47800000000000037,0.1865385171031899,-0.20653389022280655,-0.01304827052159309,0.006040386968378721,-0.11288485388301295,-0.10399997792983036
0.47900000000000037,0.18654464333499646,-0.20665380019653815,-0.01313676349379563,0.006212058670515134,-0.12693467020256113,-0.07298369056952116
0.48000000000000037,0.1865508815985854,-0.20677576814847476,-0.013229087816846188,0.00626445361090406,-0.11700087302451627,-0.11166244308459486
0.48100000000000037,0.1865572234150063,-0.20690128357892973,-0.01331919796353097,0.0064191581383100695,-0.1340294976326115,-0.06855561261358403
0.4820000000000004,0.18656365964064608,-0.20703170689846948,-0.013401421220648834,0.006453273691566757,-0.12681651205014582,-0.09588906699602834
0.4830000000000004,0.18657017980945786,-0.20716805020952717,-0.01347114114411144,0.006587041518729987,-0.14586919228140247,-0.04354975010768839
0.4840000000000004,0.18657677160859965,-0.2073108003057648,-0.013525349951251212,0.0065965319201437165,-0.1396298039565314,-0.06486767101024443
0.4850000000000004,0.18658337823408577,-0.20744225428520152,-0.013618851430876558,0.0066167032992729465,-0.12327769243040142,-0.1221328605400247
0.4860000000000004,0.18659005621520453,-0.20757097605443744,-0.013728250463336979,0.006739237117218009,-0.13416558087384636,-0.09666204884924151
0.4870000000000004,0.1865967976295709,-0.20769895850567432,-0.013845826897101858,0.006743575576738104,-0.12179923021177046,-0.1384871332952535
0.4880000000000004,0.1866035953373922,-0.20782849282422783,-0.013962919022650616,0.0068518137336385145,-0.13726921271562614,-0.09569363081038681
0.4890000000000004,0.18661044193908724,-0.2079618307238325,-0.014070973959962834,0.006841368093033978,-0.12940626803970076,-0.12041316772315262
0.4900000000000004,0.186617328756612,-0.2081008510257468,-0.014162585125930325,0.006932238780842075,-0.1486336575470075,-0.0628071249142097
0.4910000000000004,0.18662424496126143,-0.20824677203515876,-0.014232387479978298,0.006900142652666297,-0.1432073259588382,-0.07679667722722104
0.4920000000000004,0.1866311347186185,-0.20838239435506944,-0.014333548417648752,0.006879352664811005,-0.128036889792571,-0.12552247102221822
0.4930000000000004,0.1866380546553095,-0.2085164910436857,-0.014441962672868472,0.006960494362254363,-0.14015611940714928,-0.09130305024164367
0.4940000000000004,0.18664499603082793,-0.20865094267825812,-0.014550209912461962,0.006922234717567254,-0.12874682412575292,-0.12518834902759507
0.4950000000000004,0.18665195003636448,-0.2087876187644325,-0.01465090128393687,0.006985746969255238,-0.14460482402511243,-0.0761918601238612
0.4960000000000004,0.18665890692141254,-0.20892809085689112,-0.014737572359583846,0.00692799590309121,-0.13633863563799498,-0.0971484330736273
0.4970000000000004,0.1866658379258899,-0.20906617796524296,-0.014828387519852642,0.006933985775329472,-0.1398349284544798,-0.08447981821195596
0.4980000000000004,0.18667271498108368,-0.20919587942478504,-0.014940962736107115,0.006820103517131847,-0.11956780365486784,-0.14066719595622468
0.4990000000000004,0.18667953030959608,-0.209319285601078,-0.015067257123062056,0.006810523318880836,-0.12724455721677835,-0.11191751692285909
0.5000000000000003,0.18668627812065047,-0.20943906026496695,-0.015197471712747022,0.006685076957380822,-0.11230494661002995,-0.148507207509791
0.5010000000000003,0.18669295342429312,-0.20955805734883784,-0.015321241065560947,0.006665496184424903,-0.1256892291011642,-0.09902752984209667
0.5020000000000003,0.18669955077556163,-0.20967891518239606,-0.01542889411163197,0.006529178949697183,-0.11602626001765196,-0.1162753090511711
0.5030000000000003,0.18670606311668902,-0.2098036781847972,-0.01551263040349055,0.0064954700426382425,-0.13349912877903902,-0.05119540362118368
0.5040000000000003,0.18671248085592088,-0.20993349304778836,-0.015567465178647395,0.0063399763177620265,-0.12612955360696496,-0.05847373208377206
0.5050000000000003,0.18671874921235063,-0.21005086733139788,-0.01564767151803786,0.00619671190911728,-0.10861852456128215,-0.10193697660653708
0.5060000000000003,0.18672492550655992,-0.21016409962419885,-0.015730850068310955,0.0061558480081205175,-0.11784561923198943,-0.06441803332537434
0.5070000000000003,0.18673106782783175,-0.21028165267323165,-0.015794122997805866,0.006128770381420651,-0.11725973751809388,-0.062126752395722046
0.5080000000000003,0.18673718991634802,-0.21039367721786179,-0.01587283672098952,0.006115387930002603,-0.10678892845149045,-0.09529869722181432
0.5090000000000003,0.18674334963107372,-0.21050849633805055,-0.01594457102675452,0.006204018735707058,-0.12284870908989066,-0.048168409256859064
0.5100000000000003,0.18674953765477628,-0.21062697789226512,-0.016005335009604164,0.006172006052085527,-0.11411362787252999,-0.07335859503014476
0.5110000000000003,0.18675570121365484,-0.21073200190478494,-0.01610833744065596,0.006155100037348624,-0.09593443837609264,-0.1326428661937887
0.5120000000000003,0.18676190117121794,-0.21083284696152796,-0.016228191803076247,0.006244793749243762,-0.10575592511604223,-0.10706169868590575
0.5130000000000003,0.18676820031516803,-0.21093944453442537,-0.01633747770218766,0.006353478866075956,-0.10743928698549615,-0.11150650135547623
0.5140000000000003,0.1867746177314443,-0.21104372242656683,-0.016466002420587798,0.006481346441337708,-0.10111690144975932,-0.14553826225605307
0.5150000000000003,0.18678121644294682,-0.21115586745296577,-0.01658549603351927,0.006716055652679638,-0.12317323137773631,-0.09344506520645562
0.5160000000000003,0.1867879914235214,-0.21127846595356273,-0.016686525678377293,0.006833889993884784,-0.12202351836528846,-0.10861129939398569
0.5170000000000003,0.18679489275601227,-0.2113957556889262,-0.016817934355284527,0.006968768971320419,-0.1125562384078377,-0.1542014334660892
0.5180000000000003,0.18680198197196315,-0.2115178372082445,-0.016951587679238225,0.00720964279448249,-0.13160694878073959,-0.11310077103940883
0.5190000000000003,0.1868092539086298,-0.21164765167904567,-0.017076817032858807,0.0073342171202924935,-0.12802199208777176,-0.13735390048583992
0.5200000000000004,0.18681670165390193,-0.21178773229916464,-0.017184169707038118,0.007561250043212449,-0.15213878142438494,-0.07734864911450952
0.5210000000000004,0.18682431542273464,-0.21193983535531316,-0.017266555996546935,0.007666265958801163,-0.15206641389535963,-0.08742247079632524
0.5220000000000004,0.18683197367088236,-0.21207994903163785,-0.017393491098467644,0.007650218068361704,-0.12816087051000308,-0.16644367966386026
0.5230000000000004,0.18683966834946392,-0.21221051840182598,-0.017555693249411117,0.007739116326679986,-0.13297831160412363,-0.15795484459907555
0.5240000000000004,0.18684746181919362,-0.21234253548749182,-0.017722048418786836,0.007847808540419185,-0.13105638749439566,-0.17474944987181767
0.5250000000000004,0.18685541651985585,-0.2124871170561972,-0.017861029596250508,0.008061562077636579,-0.1581066137613532,-0.10320868460359658
0.5260000000000004,0.18686352467439118,-0.21264706678741885,-0.017962164514245756,0.008154721875330756,-0.1617920654178451,-0.099058922333243
0.5270000000000004,0.18687166532449204,-0.21279892007009144,-0.01809314256799426,0.008126560162835085,-0.14191430747465716,-0.1628931692326608
0.5280000000000004,0.1868798291535663,-0.21294509464744804,-0.018244643051449457,0.008201068609233076,-0.1504349036704476,-0.14010287565431787
0.5290000000000004,0.1868880093036242,-0.2130888119411648,-0.018404847441509876,0.00815921150433757,-0.13699997975778405,-0.18030032022553003
0.5300000000000004,0.18689619994940823,-0.21323363474615464,-0.018560876786916137,0.00822204317171283,-0.15264571813228967,-0.13175328637894498
0.5310000000000004,0.18690439474352505,-0.21338296293433473,-0.018700358547889755,0.00816751593542587,-0.14601054292416593,-0.14720587871984012
0.5320000000000004,0.18691258534140628,-0.21353954920215687,-0.01881293207840031,0.008213641328982741,-0.1671613166020041,-0.07793848838502024
0.5330000000000004,0.18692076018238815,-0.21370509511486846,-0.018891504843445636,0.008136004076474739,-0.16392930683326679,-0.07920607379542734
0.5340000000000004,0.18692879581345404,-0.2138552631160311,-0.019006485386885638,0.007935228531438644,-0.13640627300950345,-0.15075179944610692
0.5350000000000004,0.18693668182396667,-0.2139919324089291,-0.019150285248272364,0.007836756237556268,-0.1369323759358324,-0.13684321716773284
0.5360000000000004,0.18694447821278193,-0.21412535881270117,-0.019294068741297275,0.0077559934253308245,-0.12992058915748994,-0.1507189168239936
0.5370000000000004,0.18695224535032715,-0.21426584394022216,-0.019408888807346175,0.007778242795465215,-0.15104923013326277,-0.07891814048477326
0.5380000000000004,0.18695997399442868,-0.2144154003957485,-0.019486834954680565,0.007679010313603651,-0.14806268508605472,-0.07697293921738402
0.5390000000000004,0.18696760904751208,-0.21455706825681126,-0.019580275596121067,0.007591067230396145,-0.1352724039954919,-0.10990613683782781
0.5400000000000004,0.18697520561274752,-0.2146992597055546,-0.01966619035889396,0.007602030529947822,-0.1491096840899011,-0.061921702928864036
0.5410000000000004,0.18698275183748916,-0.21484294625732406,-0.01973996479028836,0.0074903865679663935,-0.13826246926159658,-0.08562600790208999
0.5420000000000004,0.18699019309794912,-0.2149711063400161,-0.019854226654354153,0.007392113574469449,-0.11805757497390282,-0.14289415175203268
0.5430000000000004,0.18699758806310618,-0.21509307928508184,-0.019983149139279517,0.007397786368202009,-0.12588837851992205,-0.11494661143998569
0.5440000000000004,0.18700499739759668,-0.21521880899179924,-0.020099046732575947,0.0074208588511299805,-0.1255709171161851,-0.11684499878421979
0.5450000000000004,0.18701243862208278,-0.21534018278465067,-0.020231653974615425,0.007461574555817635,-0.117176889688424,-0.1483649053648962
0.5460000000000004,0.1870199727558787,-0.2154672826138026,-0.020352852354984706,0.007606664733731016,-0.13702264527135047,-0.09402817012985983
0.5470000000000004,0.18702759281734624,-0.21560253830063814,-0.02045354636306251,0.0076334346405159716,-0.13348828675733151,-0.10735717234181126
0.5480000000000004,0.1870352475677627,-0.21572999734438955,-0.020583050987756594,0.007676052079042102,-0.12142991634495877,-0.15164772287959763
0.5490000000000004,0.1870429969603176,-0.21585954474407335,-0.02071380971291846,0.007822706148868737,-0.13766487088944548,-0.10986558438937041
0.5500000000000004,0.18705083447969148,-0.21599391126780346,-0.020835742862899045,0.007852311876470815,-0.13106805820486045,-0.13399692732647805
0.5510000000000004,0.18705875222455826,-0.2161354476795648,-0.02093992887100381,0.007983148202546345,-0.1520042132482444,-0.074372503337682
0.5520000000000004,0.18706673986014605,-0.21628577721108716,-0.021019685161424856,0.00799209486782406,-0.14865390604834358,-0.08513873291047393
0.5530000000000004,0.18707474245807504,-0.2164279943711916,-0.021127199299890976,0.008013080855746018,-0.1357800136352802,-0.1298865726508625
0.5540000000000004,0.18708281617321262,-0.2165709977340117,-0.021237897004520806,0.008134321672776805,-0.15022625162026282,-0.09150590946956222
0.5550000000000004,0.18709095102542025,-0.21671661847632367,-0.021344418178757332,0.008135358358627442,-0.14101474816549067,-0.12153361952000319
0.5560000000000004,0.18709913633387223,-0.2168665030646397,-0.02143996276881382,0.008235228058555047,-0.15875365255029453,-0.06955353373834793
0.5570000000000004,0.18710735993536473,-0.21702185044922076,-0.021519109442660812,0.008211944591751579,-0.15194009752320167,-0.08873858189846622
0.5580000000000004,0.1871155662322354,-0.21716566200371099,-0.021634288773290423,0.008200628723964614,-0.13568270463784582,-0.14161672771939754
0.5590000000000004,0.18712381181918852,-0.21730708271476007,-0.02176012526427642,0.008290515777909607,-0.14715848269339216,-0.1100525455191613
0.5600000000000004,0.18713208817840662,-0.21744849889119744,-0.02188750854617114,0.008262179272253242,-0.1356737385705105,-0.1447100565776675
0.5610000000000004,0.1871403869089949,-0.21759235114485978,-0.022007155454834223,0.008335248122914762,-0.1520303861173922,-0.0945804574318465
0.5620000000000004,0.1871486986331216,-0.21774077284581728,-0.022110734511837232,0.008288170154048046,-0.1448124259763421,-0.1125750758300617
0.5630000000000004,0.18715697075791984,-0.21787772510044673,-0.02224769552353708,0.008256060374532631,-0.1290921732414723,-0.16134237105292082
0.5640000000000004,0.1871652625894864,-0.21801321737864376,-0.022389984544632594,0.00832757027288246,-0.1418924318511492,-0.12323107718153536
0.5650000000000004,0.18717358095954822,-0.21815173002189334,-0.022522941100941385,0.008309144584371164,-0.13513281911332867,-0.14267778314974908
0.5660000000000004,0.18718193150332865,-0.2182973714345038,-0.022633056338139126,0.008391907954443069,-0.15614945386907256,-0.07754992516863325
0.5670000000000004,0.1871903037804772,-0.2184519137608724,-0.02271312921587591,0.008352613560277887,-0.15293418649648635,-0.08259456754710078
0.5680000000000004,0.18719864248581333,-0.218598403995804,-0.022815454126300462,0.008324771519639498,-0.1400457377404108,-0.12205263916929324
0.5690000000000004,0.18720700276744778,-0.2187454957569322,-0.02291619114779752,0.008395760190266601,-0.15413711920245468,-0.07941906360094587
0.5700000000000004,0.18721537323287513,-0.218894610645712,-0.02300923981047634,0.008345140911324827,-0.14409192516575037,-0.1066762013801266
0.5710000000000004,0.18722370041299688,-0.21902933069382605,-0.023145249704136738,0.008309202314135152,-0.12534829852166293,-0.16533897850570597
0.5720000000000004,0.18723204383135914,-0.21915966366270595,-0.023296196502469002,0.008377603823574564,-0.13531788975083434,-0.13654947747550567
0.5730000000000004,0.18724046476761805,-0.21929620538820496,-0.023432230234012485,0.008464245289772354,-0.13776558239438583,-0.13551358869058996
0.5740000000000004,0.1872489812796572,-0.21943139809349635,-0.02358120586723412,0.008568763521211003,-0.132620103914017,-0.16243250143790858
0.5750000000000004,0.18725765379829543,-0.2195756979692791,-0.023713665962454236,0.008776244269824679,-0.15597943572768108,-0.10248378030774295
0.5760000000000004,0.18726647382642822,-0.21973168190757544,-0.023819861640582154,0.008863787012412343,-0.15598780238387805,-0.10990498626536759
0.5770000000000004,0.1872753880859881,-0.21988329608726837,-0.02394920984766718,0.008964715226914693,-0.1472403558724036,-0.14878749189733348
0.5780000000000004,0.18728445320714487,-0.2200400697641638,-0.024075028335384885,0.009165499546397065,-0.16630655390731902,-0.10284607017576851
0.5790000000000004,0.18729365848808452,-0.2202041665487393,-0.024188750398639967,0.00924503793575616,-0.16188639111930392,-0.1245951919534041
0.5800000000000004,0.1873029502341591,-0.2203596809035179,-0.02433923439997723,0.009338440993325847,-0.1491423900431362,-0.1763678165932861
0.5810000000000004,0.18731238630407296,-0.22051682886625118,-0.024497570257068432,0.009533670559416244,-0.16515353138375988,-0.14029887224838164
0.5820000000000004,0.18732195861166814,-0.22067891187228952,-0.024651565056195868,0.009610923542927356,-0.15901245842523917,-0.16768577009364638
0.5830000000000004,0.18733165803565155,-0.22084900734083368,-0.02478968615188182,0.009787890150253505,-0.18117798272880115,-0.10855270161155553
0.5840000000000004,0.18734147306801,-0.22102951902309884,-0.02490245929771339,0.009842143548441701,-0.17984449323208415,-0.11699111161048875
0.5850000000000004,0.18735134780131865,-0.22120427221699995,-0.025039424113328754,0.009907300502735757,-0.1696614829314533,-0.15693460489919236
0.5860000000000004,0.18736133638792707,-0.22138272972155934,-0.02517386227682825,0.010069839750730647,-0.18725289186947586,-0.11193828140186189
0.5870000000000004,0.18737142590607433,-0.22156704531424362,-0.02529700585111913,0.010109166226455546,-0.18137751707722818,-0.13434589367010222
0.5880000000000004,0.1873815608359796,-0.22174135469419431,-0.025457365886291584,0.010160674952789337,-0.16724119480232388,-0.18636900984083635
0.5890000000000004,0.18739179731882366,-0.22191594939546672,-0.025625590813057934,0.010312256631090524,-0.18194808480447625,-0.1500756580267537
0.5900000000000004,0.18740212570635356,-0.22209422658282013,-0.025788995721283396,0.010344491364083223,-0.1746061676154707,-0.17672902463118098
0.5910000000000004,0.18741253544164826,-0.22227936060318162,-0.02593556555956236,0.010474938587761697,-0.1956612632781233,-0.11640681652139845
0.5920000000000004,0.187423013658426,-0.2224738350361452,-0.026055410448635817,0.010481457572662405,-0.19328660436741216,-0.12328039926522091
0.5930000000000004,0.18743343691810624,-0.22265435791257426,-0.02621530065216405,0.010365034277086122,-0.16775901318762426,-0.1964949285244757
0.5940000000000004,0.18744379415077153,-0.2228239480542567,-0.02640369279108961,0.01034938970674638,-0.171421488859608,-0.18028303491124137
0.5950000000000004,0.1874541443962374,-0.22299394955629814,-0.0265879346826004,0.010351068535558422,-0.168581741839649,-0.1881945153305812
0.5960000000000004,0.1874645462245079,-0.22317555400034159,-0.026735854785196002,0.010452540681757244,-0.1946265462557944,-0.10764182999539774
0.5970000000000004,0.187474987296065,-0.22337134276520254,-0.026837289069682857,0.01042955991201488,-0.19694967452299514,-0.09522519236997587
0.5980000000000004,0.1874853425439613,-0.2235573590358979,-0.02696111010858422,0.01028089670849608,-0.17508208960042193,-0.1524138485686602
0.5990000000000004,0.18749559716815437,-0.22373527409843263,-0.027100005053374263,0.010228305813745592,-0.1807474396343147,-0.1253723854854876
0.6000000000000004,0.18750573866994377,-0.22390740575745113,-0.027244689223778883,0.01005465828570337,-0.1635155496817715,-0.16399167228204187
0.6010000000000004,0.18751575578334917,-0.22407635844918972,-0.027385027429261334,0.009979518227397908,-0.17438933174333385,-0.11668094292329498
0.6020000000000004,0.1875256372981151,-0.22424462955506133,-0.02751125893271844,0.009783466523631053,-0.16215229996866948,-0.13577873440377924
0.6030000000000004,0.18753533032559158,-0.22439669752141148,-0.027670976430609895,0.009602556755483167,-0.14198382012630545,-0.18365079727459713
0.6040000000000004,0.18754489391797813,-0.2245431500385123,-0.027834123864783858,0.009524580589349239,-0.15092133581535525,-0.14263873185480644
0.6050000000000004,0.18755438809050307,-0.22469477578327005,-0.02797006479504173,0.00946372564104876,-0.15232990930349094,-0.12923909337849698
0.6060000000000004,0.18756382935250113,-0.22484380021460437,-0.028107186286451702,0.009418767196268664,-0.14571882651264115,-0.1449996235532973
0.6070000000000004,0.1875732347062553,-0.2249825282872237,-0.028273650765502326,0.00939192057044773,-0.1317378147458409,-0.1879232628203365
0.6080000000000004,0.1875826654657245,-0.22512197650785104,-0.02843817975262976,0.009469559906113588,-0.14715888418277007,-0.14112917312420137
0.6090000000000004,0.18759218261664945,-0.2252730824351401,-0.0285697376578256,0.009564711868118062,-0.1550527012930279,-0.12198278699746065
0.6100000000000004,0.18760180239566931,-0.2254279255293699,-0.028697182278060618,0.009674822420770486,-0.15463317646424807,-0.1329027489718415
0.6110000000000004,0.1876115402539246,-0.22557838735133454,-0.028849961980470563,0.009800879704103913,-0.14629063939748302,-0.17265146303604192
0.6120000000000004,0.187621454755326,-0.22573483381040368,-0.028998743671790894,0.010028093521978044,-0.16660213473150087,-0.12490740754801251
0.6130000000000004,0.1876315369031468,-0.22590023877925874,-0.029132383037870944,0.010136178052995727,-0.16420744857952008,-0.1423674677246687
0.6140000000000004,0.1876417348743955,-0.22605938484671909,-0.02929753602720565,0.010259751071571318,-0.15408493321738037,-0.1879328067165646
0.6150000000000004,0.18765210706834995,-0.22622294729159564,-0.029463791687910114,0.010484606095133289,-0.17303995350823279,-0.14457326264364653
0.6160000000000004,0.18766264493584156,-0.22639441136277944,-0.029618301315026758,0.01059110507230022,-0.16988804916529476,-0.16444117761432517
0.6170000000000004,0.18767333790411678,-0.22657673538188333,-0.02974980908549515,0.01079479616453685,-0.1947592251998103,-0.0985712221754178
0.6180000000000004,0.18768417208214566,-0.22677191281011996,-0.0298500141958905,0.010873526080123192,-0.19559437474136293,-0.1018374069293637
0.6190000000000004,0.1876950226269669,-0.22695595882366223,-0.0299878856905934,0.010827536001382478,-0.17249718215885024,-0.1739016573020177
0.6200000000000004,0.18770587601913194,-0.22713106627610458,-0.030154470664063664,0.010879211197136099,-0.17771759376867588,-0.15926313307022327
0.6210000000000004,0.18771678863638128,-0.2273077299640674,-0.0303197615539834,0.010945993968068776,-0.1756096910064793,-0.1713134339593509
0.6220000000000004,0.18772777623992354,-0.22747884854472636,-0.03050973618950991,0.011029194345788572,-0.16662787943668103,-0.20862912463793243
0.6230000000000004,0.18773889759024825,-0.22765579571210928,-0.03069163165910443,0.011213466884649914,-0.18726643132069312,-0.1551561186550221
0.6240000000000004,0.18775014354202987,-0.22784241262343438,-0.030851322025324427,0.01127840461189408,-0.18596707904770635,-0.16421987393785153
0.6250000000000004,0.18776146167881044,-0.22802409398227705,-0.031033287818989085,0.011357846819428785,-0.177395785460972,-0.199705604722729
0.6260000000000004,0.18777290867585447,-0.22821177930175934,-0.031206035134067483,0.01153610711938634,-0.19797456182689271,-0.1457839652030526
0.6270000000000004,0.187784473192641,-0.22840883333127415,-0.03135683949076275,0.0115928919867318,-0.19613292019364942,-0.1558206367632526
0.6280000000000004,0.18779610074820924,-0.22860018896989037,-0.0315315400914927,0.011662194516459723,-0.18657827414727665,-0.19357498497056405
0.6290000000000004,0.1878078461258163,-0.22879639061681833,-0.0316997973008816,0.011828519980815006,-0.20582455900032837,-0.14293472795253218
0.6300000000000004,0.18781969646924793,-0.2290005223780299,-0.03184968872122414,0.011872130838980156,-0.20243828317238385,-0.15684415837188082
0.6310000000000004,0.18783159632277105,-0.22919738391404818,-0.032027402177070466,0.01192755065285247,-0.1912846830541743,-0.19857709567808787
0.6320000000000005,0.18784359996663003,-0.22939754571755724,-0.03220245600737597,0.012079694932348886,-0.2090385016182907,-0.15152558982555378
0.6330000000000005,0.1878556945416323,-0.2296042734167328,-0.03236230728239699,0.012109418157624792,-0.20441632258492776,-0.16817254135188933
0.6340000000000005,0.18786782508753877,-0.22980267999082216,-0.032552118725983,0.012151648036023189,-0.19239687434784258,-0.21144408738008524
0.6350000000000005,0.18788004663316138,-0.23000373816795308,-0.032740111482043865,0.012291398630139325,-0.20971920727177756,-0.16453585018042818
0.6360000000000005,0.1878923472075974,-0.23021115490717076,-0.032912327643421294,0.01230971211036882,-0.20511385248926994,-0.17989145446355273
0.6370000000000005,0.1879047127051144,-0.2304279909656541,-0.03305679850529834,0.012421233528796729,-0.22855714086922646,-0.10904720874137842
0.6380000000000005,0.1879171255314546,-0.23065619666119344,-0.03316498930610394,0.012404370534110636,-0.2278526078190752,-0.10733305956697523
0.6390000000000005,0.18792945731794858,-0.23087159904142485,-0.03330611437347442,0.012259157866470064,-0.2029512658673412,-0.17491359019040806
0.6400000000000005,0.1879416904741659,-0.231076052211307,-0.033471961936971224,0.01220710250051263,-0.20595448336657074,-0.15677701767005864
0.6410000000000005,0.18795381083888468,-0.23127243629519872,-0.033651170381570526,0.01203358319764161,-0.18681354257222774,-0.20163420128139917
0.6420000000000005,0.1879658063781869,-0.2314642166022979,-0.033830601451730016,0.01195743564692557,-0.19674674578445026,-0.1572227022091656
0.6430000000000005,0.18797766566318497,-0.23165493233228446,-0.033996930315387995,0.011761082526933826,-0.18468438013846813,-0.17543008321897902
0.6440000000000005,0.18798937634316146,-0.23184767744653134,-0.03413826113750932,0.01166021479059137,-0.200804945761116,-0.10722832155882077
0.6450000000000005,0.18800092379346822,-0.23204463855025126,-0.034245564755336355,0.011434627011674596,-0.19311597093130942,-0.10737716365091853
0.6460000000000005,0.18801225033316843,-0.2322292263176366,-0.03436952893554343,0.011218402475253334,-0.17605875501284005,-0.14054822787580337
0.6470000000000005,0.18802340758339817,-0.2324102976412775,-0.03448525935191617,0.011096042656519124,-0.18608286617384384,-0.09091030193066908
0.6480000000000005,0.18803443341059062,-0.2325950118742518,-0.034572227481624855,0.010955561658914406,-0.18334421998605482,-0.08302497972609445
0.6490000000000005,0.1880453231257146,-0.23277194614242283,-0.034669011068354356,0.010823824515888486,-0.1705232473247809,-0.1105404534668376
0.6500000000000005,0.1880560874451498,-0.2329315936435317,-0.03480924752901583,0.010704783645970791,-0.14877162491229573,-0.1699280287889357
0.6510000000000005,0.18806678264532461,-0.23308374217578634,-0.034965346668814144,0.010685574104681466,-0.15552542705088188,-0.14226531374469023
0.6520000000000005,0.1880774672151788,-0.2332388441615654,-0.03510768190373572,0.01068353060305427,-0.15467838726310906,-0.14240079206121675
0.6530000000000005,0.18808815840706272,-0.2333893073118614,-0.03526402905539007,0.010698826931555284,-0.14624809517550588,-0.1702881986262116
0.6540000000000005,0.1880989149222837,-0.23354561665945842,-0.03540467587850201,0.010814162927469236,-0.166370281605988,-0.11100145739706374
0.6550000000000005,0.18810979337717515,-0.23371762116452688,-0.035501871945220316,0.010942714391565562,-0.1776377106830842,-0.08338890680670707
0.6560000000000005,0.18812080516153112,-0.2338959001321536,-0.035589033278284714,0.011080825546394538,-0.1789190539830349,-0.09093246648300551
0.6570000000000005,0.1881319600622827,-0.23407059065635624,-0.03570091718789455,0.0112289538369801,-0.1704612906380244,-0.1328326098211979
0.6580000000000005,0.18814330998220435,-0.23425026723133072,-0.035813634934477145,0.011470857702833926,-0.18889095053778582,-0.0926004935762427
0.6590000000000005,0.1881548396686486,-0.2344362999559266,-0.03592089716784035,0.011588487006675051,-0.1831735398366871,-0.1219217307732201
0.6600000000000005,0.18816649296427254,-0.23461225914590053,-0.036073001700653334,0.011718088368524468,-0.16874474513683863,-0.1822824512878735
0.6610000000000005,0.18817832482543576,-0.2347881133852441,-0.036241607964552475,0.011945604156455243,-0.18296363656746242,-0.15492485414349524
0.6620000000000005,0.1881903914756671,-0.23497441164731217,-0.0363965278064418,0.01218767356722875,-0.1896325558563959,-0.15491028360194323
0.6630000000000005,0.1882027070481169,-0.23516355579168222,-0.03656522221604466,0.012443456603506953,-0.18865564500374277,-0.182473168276898
0.6640000000000005,0.18821532596947435,-0.23536590607568417,-0.03671796155200739,0.012794357528132554,-0.21604421111633512,-0.12300163613005038
0.6650000000000005,0.1882282330472221,-0.23558391077848947,-0.03684477973703719,0.013019771446647906,-0.21996406933184512,-0.13063209798965086
0.6660000000000005,0.18824130288116198,-0.2357942069643124,-0.03701242150677595,0.01311987737742011,-0.20062801167369337,-0.2046462665179143
0.6670000000000005,0.18825452048227345,-0.23599965241062223,-0.037209533125365055,0.013315291829053638,-0.21026279616843077,-0.1895707961313322
0.6680000000000005,0.18826787382020493,-0.23620420922821922,-0.03742129599590445,0.013391360541517468,-0.1988511579428763,-0.23394760204019754
0.6690000000000005,0.1882813521060146,-0.23641236611923006,-0.03763122424011875,0.013565164467893086,-0.2174625323746703,-0.18590241406103258
0.6700000000000005,0.188294943878059,-0.23662849510493308,-0.03782316394308583,0.01361834071469359,-0.21479518575627904,-0.19797112997894842
0.6710000000000005,0.18830862612196725,-0.236852203338016,-0.03799604291959663,0.013746097674943898,-0.23262047569509894,-0.14778244043350122
0.6720000000000005,0.1883223733058887,-0.23708231974327243,-0.03815118524012994,0.013748223963632325,-0.2276113676516848,-0.16249845202254584
0.6730000000000005,0.18833612733108035,-0.2373034646098112,-0.038335073591331634,0.013759790957621894,-0.21467802829447394,-0.20527267814637107
0.6740000000000005,0.18834993953879714,-0.23752606883723631,-0.03851741026953708,0.013864573119549702,-0.23052976211630985,-0.15939581064578126
0.6750000000000005,0.18836379432134384,-0.23775332717338482,-0.03868563444530409,0.013844945139919945,-0.2239861655912525,-0.17704807465516686
0.6760000000000005,0.18837763503394955,-0.23797036128333862,-0.038884663310959584,0.013836445021648963,-0.21008198993081376,-0.22100322964883404
0.6770000000000005,0.18839151474789956,-0.238188192112363,-0.039082364487463515,0.013922928602182137,-0.2255792536729383,-0.17439345649434423
0.6780000000000005,0.1884054196721716,-0.23841062209849398,-0.03926429308850732,0.013886872061798864,-0.21928021596196404,-0.18945852874693234
0.6790000000000005,0.188419294925786,-0.23862332444009177,-0.039473662154881635,0.01386359898180163,-0.20612459017660478,-0.22927260616054942
0.6800000000000005,0.1884331949428426,-0.23883774454352358,-0.039677034034953276,0.013936377697938172,-0.22271529239846544,-0.17746521278132207
0.6810000000000005,0.18844710679252485,-0.23905793246914683,-0.039859211519509705,0.01388727138002496,-0.21766006459516887,-0.18688453722747225
0.6820000000000005,0.18846097595061725,-0.23926960336094297,-0.0400632982770213,0.013851005399248276,-0.2056817543679303,-0.22128228350926266
0.6830000000000005,0.1884748565390296,-0.2394840311384305,-0.040256413484712754,0.013910112412260986,-0.22317332011902785,-0.16494273096855058
0.6840000000000005,0.18848873478552355,-0.23970490527775387,-0.04042450760277453,0.01384632784725678,-0.21857424362248112,-0.17124103769251509
0.6850000000000005,0.18850255501064228,-0.23991743774523208,-0.04061227933104699,0.013794079887439421,-0.2064904719088112,-0.20429659388850904
0.6860000000000005,0.1885163699214543,-0.24013231670511356,-0.040788703622369124,0.013835683148001713,-0.22326674393873921,-0.14854739987078058
0.6870000000000005,0.1885301643588678,-0.24035263907170157,-0.04094161270583847,0.013753137796729079,-0.21737707385807858,-0.15726704693880045
0.6880000000000005,0.18854388157341992,-0.2405630929024534,-0.04111737972772731,0.013681247770492018,-0.20353023404777965,-0.19426172895105112
0.6890000000000005,0.18855757360697312,-0.24077397445277768,-0.041286249921226044,0.013702761570811607,-0.21823213080623247,-0.14347433711163768
0.6900000000000005,0.18857122523418537,-0.2409881729215031,-0.041436759730073554,0.013600439543858483,-0.21016395320220593,-0.1575415469936151
0.6910000000000005,0.18858478038417775,-0.24119038141149746,-0.04161533230389055,0.013509818571460762,-0.1942528407102519,-0.1995980083100967
0.6920000000000005,0.18859829242271234,-0.24139111282942463,-0.0417916116003626,0.013514200943704707,-0.2072095009031317,-0.15295571158696022
0.6930000000000005,0.188611748048447,-0.24159366228074627,-0.04195295037191504,0.013396999194369695,-0.19788886500935088,-0.16971732845135182
0.6940000000000005,0.18862509364428912,-0.24178327162117585,-0.04214414976467093,0.013294153573945287,-0.18132998713688953,-0.21267497976789773
0.6950000000000005,0.1886383852390234,-0.24197107753837868,-0.04233300266088755,0.013288977826970038,-0.19428168296721318,-0.16502512496999294
0.6960000000000005,0.1886516788474314,-0.24216815948568662,-0.042487502450340116,0.013298190151704426,-0.19988157768323644,-0.14397038246393135
0.6970000000000005,0.18866498769339152,-0.24236675620522483,-0.04263551845243722,0.01331945996303533,-0.19731122091306202,-0.1520576942521652
0.6980000000000005,0.18867832434523105,-0.24255885796470517,-0.042805695769424085,0.013353811459831635,-0.18689216107692222,-0.18829156499986627
0.6990000000000005,0.18869174280211026,-0.24275482710879154,-0.0429682660760345,0.013483055223584065,-0.20504555262230584,-0.13684471693051667
0.7000000000000005,0.18870522925273175,-0.2429575456858287,-0.043111947994587514,0.013489803214618354,-0.20039085757880143,-0.15051545565622254
0.7010000000000005,0.18871872874660162,-0.24315163606357246,-0.04328351410543363,0.013509152144959423,-0.18778977155239304,-0.19261131601892784
0.7020000000000005,0.18873229512081646,-0.24334748018403415,-0.04345311244057335,0.01362354851220342,-0.20389799850983673,-0.14658065837917392
0.7030000000000005,0.18874591511186015,-0.2435482082586988,-0.04360867262845219,0.013616391040459213,-0.19755760921383073,-0.16453539683872645
0.7040000000000005,0.18875953500192827,-0.24373888908980623,-0.04379556738090186,0.013623358200383563,-0.18380420230456188,-0.20924778808433403
0.7050000000000005,0.188773210264356,-0.24393049079899695,-0.043982114756337766,0.013727116944885542,-0.19939901574685073,-0.16384138982138324
0.7060000000000005,0.18878699615089248,-0.24413395519495526,-0.0441367056032172,0.013844614901516894,-0.20752910683307058,-0.14533626292577342
0.7070000000000005,0.18880090516851472,-0.24434143471106054,-0.04428741710625095,0.013973385680551596,-0.20742925567797094,-0.15608275028702667
0.7080000000000005,0.18881494903660898,-0.24454488876443622,-0.04446289883626021,0.014114325261966213,-0.19947869445361602,-0.19487516922730413
0.7090000000000005,0.18882918057457404,-0.24475470039116837,-0.04463319469738081,0.014348709995161125,-0.22014394175038424,-0.14571202580898382
0.7100000000000005,0.1888435846163752,-0.24497382258445013,-0.04478664812716078,0.014459336570442155,-0.21809966540077158,-0.16119088440852425
0.7110000000000005,0.18885810487187146,-0.24518698802893843,-0.04496950530266446,0.01458114766724884,-0.20823105528701033,-0.20451768612488763
0.7120000000000005,0.18887279342249647,-0.24540469809006726,-0.04515132913968354,0.014795910329169258,-0.22718849503907027,-0.15912503501432598
0.7130000000000005,0.18888763491351462,-0.24563019612971018,-0.045319453432999965,0.014887032812988915,-0.22380692476297986,-0.17711896801999338
0.7140000000000005,0.18890257337228292,-0.245848638736515,-0.04551870632961891,0.014989856957243345,-0.21307828530873413,-0.22138029010446972
0.7150000000000005,0.18891766142341582,-0.2460710255885823,-0.045717007210710786,0.015186198140510311,-0.23169497995371058,-0.17521584102076293
0.7160000000000005,0.18893288432340669,-0.24630111014134481,-0.045900014940108265,0.015259560258695442,-0.22847359435381417,-0.1907943961366536
0.7170000000000005,0.1889481866680913,-0.2465245060202571,-0.04611105321501424,0.015345098532359939,-0.21831824052706503,-0.23127514128029822
0.7180000000000005,0.1889636212955658,-0.24675255390841058,-0.04631690207927761,0.015524104779925356,-0.23777708379327955,-0.1804167596869517
0.7190000000000005,0.1889791732413636,-0.24698918986601964,-0.046502577600056764,0.015579741007996386,-0.23549421834316428,-0.1909290995313124
0.7200000000000005,0.18899478646027754,-0.24722002786159966,-0.04671133215432269,0.015646661270206367,-0.22618168610113726,-0.2265733033624527
0.7210000000000005,0.18901051258139984,-0.24745622032130438,-0.04691046506258326,0.01580552593240156,-0.24620255557467416,-0.1716872042352906
0.7220000000000005,0.18902633499269653,-0.24770135003676744,-0.04708602942829089,0.015839246286475903,-0.2440559844354727,-0.17943704404705696
0.7230000000000005,0.18904219576624215,-0.24794055536178944,-0.04728270117092021,0.01588226009674445,-0.23435427646971807,-0.2139005305668949
0.7240000000000005,0.1890581444581298,-0.24818444375540968,-0.04746942503875897,0.01601506665368833,-0.2534215606672583,-0.15954263554135736
0.7250000000000005,0.1890741624455194,-0.248436051799119,-0.0476339105891124,0.01602085406647311,-0.24979338934352818,-0.16942465835702575
0.7260000000000005,0.18909019011641362,-0.2486800374206715,-0.047822294350133084,0.016034443466922683,-0.2381772833317473,-0.20733745211130564
0.7270000000000005,0.18910627574167174,-0.24892664800556444,-0.048004616408128295,0.01613674815760026,-0.2550428460443964,-0.1573023401647898
0.7280000000000005,0.1891223999759957,-0.2491787263606895,-0.04816917396674338,0.016111664136726055,-0.24911272479204638,-0.1718089634118398
0.7290000000000005,0.18913850318459646,-0.24942092740872676,-0.04836210836714947,0.016094707532608693,-0.23528889744656753,-0.21405413958311667
0.7300000000000005,0.18915463422199286,-0.24966368303934314,-0.04855289134679926,0.0161673058572975,-0.25022148165109864,-0.16750702470877715
0.7310000000000005,0.18917077488441814,-0.24991018777987284,-0.048728741192907224,0.016113961555642493,-0.24278708942701252,-0.18418818847633042
0.7320000000000005,0.1891868671852615,-0.25014557380665575,-0.048934339522080886,0.016070594450542458,-0.22798475897282022,-0.22700200584552283
0.7330000000000005,0.18920296184948873,-0.25038081409123186,-0.0491375080648529,0.016118669532690474,-0.24249516759320777,-0.17932960175713783
0.7340000000000005,0.18921904259557507,-0.2506196449038562,-0.04932382020457393,0.01604276397945084,-0.2351657764515871,-0.19328957512657263
0.7350000000000005,0.18923505330255738,-0.25084767671195146,-0.04953651699984401,0.01597860301967358,-0.2208978098663039,-0.23209710683543433
0.7360000000000005,0.18925104619794023,-0.25107623597991197,-0.049742373169099005,0.01600712047399092,-0.23622017316929678,-0.17960958030693633
0.7370000000000005,0.1892670060627514,-0.2513092486388288,-0.0499264293664002,0.015912548490011787,-0.22980448091306072,-0.1884977830504216
0.7380000000000005,0.18928287742211267,-0.25153233095349364,-0.05013197084730091,0.015830120611327377,-0.2163600527994614,-0.22257861116293876
0.7390000000000005,0.18929871259416176,-0.2517566286867732,-0.05032640068258935,0.015840155242728027,-0.23223474803654182,-0.16627592869854685
0.7400000000000005,0.18931449603086947,-0.2519857280721997,-0.050495886733364796,0.015726655938563507,-0.2259631937037626,-0.1726918385847518
0.7410000000000005,0.18933017171608368,-0.25220479230876025,-0.05068519942660304,0.015624662808781001,-0.212164995509591,-0.20592776260708479
0.7420000000000005,0.18934579125865342,-0.2524244553393122,-0.050863414881753104,0.015614355123144966,-0.2271602567192786,-0.15049870576246407
0.7430000000000005,0.18936133848475908,-0.2526478015410119,-0.051018348836478634,0.015480034802466118,-0.21953119927452755,-0.15936548847441834
0.7440000000000005,0.18937675709193189,-0.25285956826137324,-0.051196190135931366,0.015357128049898425,-0.20400190377793878,-0.19631175955005034
0.7450000000000006,0.18939209879810362,-0.25307009176542566,-0.051367041407516335,0.015326218703672968,-0.21704434093370326,-0.1453865004913824
0.7460000000000006,0.18940741490500057,-0.2532894804397356,-0.0515017432423743,0.015305938032568966,-0.22173178272496535,-0.12401452444574451
0.7470000000000006,0.18942271494362456,-0.2535089714468588,-0.05163112312279563,0.015294088073026395,-0.21724905159431876,-0.1347426203048885
0.7480000000000006,0.18943800807252734,-0.2537196149693057,-0.05178660387652845,0.015292127874463428,-0.20403742509361264,-0.17621453808369747
0.7490000000000006,0.18945334444643883,-0.25393097944769005,-0.051940745771069476,0.015380567121008736,-0.21869062937187184,-0.13206562709539824
0.7500000000000006,0.1894687739777246,-0.25415257533173286,-0.052066284993462546,0.015478449246117396,-0.22449984746471177,-0.11901050545247575
0.7510000000000006,0.18948430524708637,-0.25437528840170986,-0.052195145223797625,0.01558404858824261,-0.22092514917781308,-0.13870726316695217
0.7520000000000006,0.1894999469771866,-0.25459010564849766,-0.05235891674710102,0.01569938098938371,-0.20870893313388358,-0.1888309101138487
0.7530000000000006,0.1895157493765473,-0.25480682553872996,-0.05252938275360767,0.01590537410592938,-0.22473016396810575,-0.15209664724655492
0.7540000000000006,0.18953170579439016,-0.2550293509070181,-0.05269256032279331,0.01600742204025906,-0.2203199229501732,-0.17425404094502236
0.7550000000000006,0.1895477705319643,-0.25524377232187473,-0.052891115175473756,0.016122025309894324,-0.20852300707578267,-0.2228489831637065
0.7560000000000006,0.18956399646816186,-0.25546111157988294,-0.05309293863737058,0.016329799518411455,-0.22615518910353596,-0.18079206602919287
0.7570000000000006,0.18958036939732192,-0.2556853124750181,-0.0532831337430461,0.016416017573517593,-0.22224628599069082,-0.1995924011206411
0.7580000000000006,0.18959683566717395,-0.25590234108959314,-0.05350396838369558,0.016516492460528786,-0.21181129701017073,-0.2420691632471578
0.7590000000000006,0.18961344945106484,-0.2561239608377885,-0.053720943565509396,0.016711021999051775,-0.23142795882403885,-0.19187479674079522
0.7600000000000006,0.18963019705697753,-0.2563545837887704,-0.05391762422972932,0.016784143688716335,-0.22981757814923262,-0.20148068287629955
0.7610000000000006,0.18964702448604479,-0.2565803119774901,-0.054135776285992435,0.016870678479592983,-0.22163894011888027,-0.23481612122018516
0.7620000000000006,0.18966398448972308,-0.25681268829080667,-0.05434150902992534,0.017049271517547288,-0.2431131064806456,-0.1766437860497051
0.7630000000000006,0.18968106103555454,-0.25705557558663306,-0.05452002028470783,0.01710376832043103,-0.24266066460870883,-0.18037407671543484
0.7640000000000006,0.1896981971409097,-0.25729426453833176,-0.0547155283521861,0.017168399586366442,-0.23471685340975787,-0.21063619013862644
0.7650000000000006,0.1897154420849248,-0.2575393175897926,-0.0548971255554112,0.017321430058041064,-0.2553881866438823,-0.152554001815282
0.7660000000000006,0.18973277629508004,-0.2577935697516548,-0.055053146746992944,0.01734693412279332,-0.2531148526342309,-0.15948505496906185
0.7670000000000006,0.18975013960743237,-0.2580413622160506,-0.05523071242016518,0.01737964329473676,-0.24246932407846575,-0.19564147054642267
0.7680000000000006,0.1897675787289758,-0.25829249759525524,-0.055401237153957096,0.017498540344752747,-0.25980017015488976,-0.1454043621615148
0.7690000000000006,0.18978507242721154,-0.25854933559381726,-0.055554504173685106,0.017488797538661314,-0.2538744885400825,-0.1611264920103793
0.7700000000000006,0.18980256001630832,-0.25879608525286174,-0.05573802748508577,0.017486332555702755,-0.2396242038736236,-0.20591492408492154
0.7710000000000006,0.1898200887969924,-0.25904277216546595,-0.05592252290232906,0.017571166853776663,-0.2537486084844209,-0.163071503208384
0.7720000000000006,0.18983763916537608,-0.2592923088715797,-0.05609606058809556,0.017529511103375438,-0.24532385640912827,-0.18399950773499996
0.7730000000000006,0.1898551529718318,-0.25952972047824435,-0.05630363425135955,0.01749805535134485,-0.22949921030794776,-0.2311411877372068
0.7740000000000006,0.18987268056938406,-0.25976600788390514,-0.05651295374481489,0.017557074033287656,-0.2430750216931665,-0.18749207732675346
0.7750000000000006,0.18989020557771422,-0.2600051015654534,-0.056708958485107236,0.017492883220753364,-0.23511182105516387,-0.20451177852042127
0.7760000000000006,0.1899076729680676,-0.2602329645536354,-0.05693376733694204,0.017441850264792762,-0.22061434446084183,-0.24509832066587567
0.7770000000000006,0.18992513563335472,-0.26046133689765,-0.057152838180629134,0.017483410192245467,-0.23612993299015636,-0.193037175258554
0.7780000000000006,0.18994261972248488,-0.2606989565125418,-0.057339112155778374,0.017484706662424705,-0.23910853626334644,-0.17950589100638237
0.7790000000000006,0.18996011047711253,-0.26093582122142417,-0.057525101903593334,0.017496749145874256,-0.23462027327414436,-0.1924684199414548
0.7800000000000006,0.1899776194557332,-0.2611647236006197,-0.057736499559532084,0.01752116545934796,-0.2231844917835131,-0.23031996626697818
0.7810000000000006,0.18999519836312223,-0.26139691785670777,-0.057940299044292265,0.017636586592812056,-0.24120339998469653,-0.17727354678569454
0.7820000000000006,0.19001283085691684,-0.2616361985962812,-0.058121915470249,0.017628343874258764,-0.23735734440010808,-0.1859544492400277
0.7830000000000006,0.1900304608833608,-0.261868025972097,-0.058325068021550144,0.017631662066790118,-0.22629722546700384,-0.22034426398965962
0.7840000000000006,0.19004813911239954,-0.26210332235934797,-0.058517775778862045,0.01772473127902268,-0.24429472366440402,-0.16506641615905127
0.7850000000000006,0.19006584792848644,-0.2623454490407509,-0.05868680026419328,0.017692840613982564,-0.2399576757719399,-0.17297841078471474
0.7860000000000006,0.19008352999471173,-0.2625793860781227,-0.058877359488866646,0.017671241460267533,-0.2279159996400805,-0.2081343473932024
0.7870000000000006,0.19010123474837012,-0.2628155838568811,-0.059058953101092014,0.017738200298465293,-0.2444785802938547,-0.15504857861394572
0.7880000000000006,0.19011894360822643,-0.26305700142509636,-0.05921961388702278,0.017679457311117353,-0.2383554894689288,-0.1662692487072747
0.7890000000000006,0.1901365987500329,-0.26328833789358314,-0.059405462747065464,0.01763077462459935,-0.22431702478418422,-0.20542295375579395
0.7900000000000006,0.19015424960928168,-0.26351991536635044,-0.05958643594667386,0.01767087748801241,-0.23883700545751863,-0.15651907769670165
0.7910000000000006,0.1901719451735191,-0.2637618808629704,-0.05973302345502967,0.017720192693296093,-0.24509264075809384,-0.13665308564859882
0.7920000000000006,0.19018969352535,-0.26400557796824947,-0.05987547892312402,0.017776458406741892,-0.242300287092358,-0.1482549415723711
0.7930000000000006,0.1902075022535572,-0.2642421819823636,-0.060044574527869134,0.017840954519949184,-0.23090707992688284,-0.1899315757113069
0.7940000000000006,0.19022541882319136,-0.2644813524553611,-0.06021230043147074,0.017992129422075682,-0.24743276501470862,-0.1455164670784546
0.7950000000000006,0.19024342317186863,-0.2647255201587877,-0.06036833989927746,0.018016514205073098,-0.24090156815119876,-0.16655882741986736
0.7960000000000006,0.19026145681413012,-0.26495918660720336,-0.060559414588614933,0.018050728101628836,-0.22643105455530138,-0.21558460542674807
0.7970000000000006,0.1902795692419192,-0.2651928217043727,-0.06075496526386152,0.0181740687178817,-0.2408384676921034,-0.1755115630407998
0.7980000000000006,0.1902978102203358,-0.26543705119047983,-0.06092393512701332,0.018307837093578413,-0.24761949947046066,-0.16242411926058956
0.7990000000000006,0.19031618926477234,-0.26568397149937634,-0.06109415678886705,0.018450207417902993,-0.2462202471810754,-0.17801483060489223
0.8000000000000006,0.19033471567153032,-0.2659256854048806,-0.06129341487387788,0.018602571848901114,-0.23720733326215343,-0.22049506846564226
0.8010000000000006,0.19035343840833527,-0.26617283212864,-0.0614905240297667,0.018842850102817613,-0.2570853035902683,-0.17371819606539537
0.8020000000000006,0.19037233842105925,-0.26642875463687465,-0.061672175302514086,0.018957127072675335,-0.2547588657181894,-0.1895795829792157
0.8030000000000006,0.1903913575759011,-0.26667868492679014,-0.0618826376578686,0.019081144766465635,-0.2451015191680177,-0.23133845129864952
0.8040000000000006,0.19041054453911302,-0.2669335348345784,-0.06208976875882109,0.019292724893980238,-0.2645974764574935,-0.18291842634479205
0.8050000000000006,0.19042987991830274,-0.26719688645748646,-0.062279414507118915,0.019377980499320494,-0.26210490221122357,-0.19636809206446398
0.8060000000000006,0.19044930519314252,-0.26745414611482027,-0.06249520880115668,0.019472526422329998,-0.25241416266781375,-0.23521373777169788
0.8070000000000006,0.19046886840691937,-0.2677163054400949,-0.06270467590803262,0.01965383925580053,-0.2719035570949518,-0.1837152497952686
0.8080000000000006,0.1904885493119446,-0.2679869224482227,-0.06289365916522781,0.0197079124277227,-0.26932944778557383,-0.19424651915565552
0.8090000000000006,0.1905082883843137,-0.26825127743149746,-0.06310611584795481,0.01977018377767643,-0.25938009079238483,-0.23066045114945166
0.8100000000000006,0.1905281324396764,-0.2685201420515248,-0.06331019422971702,0.019917860787141497,-0.2783480271399218,-0.1774915180851894
0.8110000000000006,0.19054805989368517,-0.2687967889179701,-0.06349257407392847,0.019936983691945544,-0.2749444942357953,-0.18726391368418974
0.8120000000000006,0.19056800995009973,-0.2690661824219194,-0.06369815421916077,0.01996307530091544,-0.2638418977625742,-0.22389046210850805
0.8130000000000006,0.19058802822384976,-0.2693387802424433,-0.06389602868130162,0.020073402510178806,-0.28135247523231616,-0.17185405447283553
0.8140000000000006,0.1906080921424258,-0.2696175839338625,-0.06407370006926914,0.020054366887273526,-0.27625358749327655,-0.18348476432037514
0.8150000000000006,0.19062814030010622,-0.2698873639394381,-0.06427666208139698,0.020041890837914442,-0.2633057561257693,-0.22243349924694936
0.8160000000000006,0.1906482180587145,-0.27015847975809804,-0.06447431723561473,0.020113553364932427,-0.2789246187695327,-0.1728724056471015
0.8170000000000006,0.19066830300251844,-0.27043394604011906,-0.06465414203588989,0.020056263547221894,-0.2720066894100604,-0.18677308943019652
0.8180000000000006,0.1906883343619074,-0.27069865804812443,-0.0648612687843089,0.020006395434424576,-0.2574167782502033,-0.22747435618860964
0.8190000000000006,0.19070835847899542,-0.270963192459798,-0.06506446263018541,0.020041762457343543,-0.27165092172935495,-0.17890859483811417
0.8200000000000006,0.19072835420206738,-0.2712308514015144,-0.0652503547776665,0.019949611038415083,-0.2636658766039819,-0.19287118814633916
0.8210000000000006,0.19074826228967157,-0.27148685588304655,-0.06546312415932422,0.019866502941837803,-0.2483427151930031,-0.23266111988400756
0.8220000000000006,0.19076813065815398,-0.2717421034812802,-0.06567060721582431,0.01987015485898341,-0.26215150503108137,-0.1822999554138059
0.8230000000000006,0.19078794117551745,-0.2720003365966272,-0.06585824946852392,0.019750805707956558,-0.2543137598908882,-0.19297984974470642
0.8240000000000006,0.19080763751912636,-0.2722471320610847,-0.06606931537804157,0.019641818594043032,-0.2392768623651564,-0.22914551075296746
0.8250000000000006,0.1908272687060207,-0.27249345870271324,-0.06627151324709032,0.01962047453426782,-0.2533754649214772,-0.17524535469536556
0.8260000000000006,0.1908468831082294,-0.2727499808686909,-0.0664335246548149,0.01960825873999949,-0.25966743976664075,-0.14877430195111235
0.8270000000000006,0.19086648849786705,-0.2730083848685345,-0.0665843608323615,0.019602455666504415,-0.25713912433525427,-0.15289513565882373
0.8280000000000006,0.19088609163011996,-0.2732599409254338,-0.06675433954937103,0.019603752252482985,-0.2459720817312769,-0.18705795046311174
0.8290000000000006,0.19090570162910353,-0.2734966876500808,-0.06697140579947818,0.019616203984116003,-0.22752152642086024,-0.2470671151841649
0.8300000000000006,0.19092536931813608,-0.2737299470472835,-0.06720225202099463,0.019719110610070065,-0.23899706362467454,-0.2146184562530938
0.8310000000000006,0.19094514691072842,-0.273971570900956,-0.06741191855338953,0.01983601946679834,-0.24425021817125692,-0.204708544781657
0.8320000000000006,0.1909650477247131,-0.2742151265444972,-0.06762358636242222,0.019965561405152366,-0.2428608138139144,-0.21862058672411602
0.8330000000000006,0.1909850850194606,-0.27445422481992593,-0.06786027822283146,0.020108991441286927,-0.23533606569669255,-0.25475493916203035
0.8340000000000006,0.19100531062487286,-0.27470083682441204,-0.06808659228699228,0.020342158408715207,-0.25788739945217043,-0.1978670142402035
0.8350000000000006,0.19102570728310203,-0.2749593265739795,-0.06828596793572657,0.020451103095688445,-0.2590913886610666,-0.20087884787032165
0.8360000000000006,0.19104621809921696,-0.2752155264688854,-0.06850073679798219,0.020570482987617888,-0.25330811125778185,-0.2286522582847666
0.8370000000000006,0.1910668549335006,-0.27546297619664845,-0.06875401348893984,0.020703152346362642,-0.2415919053228864,-0.2778919925950165
0.8380000000000006,0.19108766966683705,-0.2757141045689557,-0.06900884822233437,0.020926252608895544,-0.2606646515865662,-0.23176991605847322
0.8390000000000006,0.19110864644594416,-0.2759742059349078,-0.06924566758048131,0.02102725168393223,-0.25953790553414163,-0.2418614364393643
0.8400000000000006,0.19112973092558597,-0.2762303998880918,-0.06950268592879459,0.0211416637039383,-0.25285033492862447,-0.27216643984926897
0.8410000000000006,0.19115097398699768,-0.2764951175889083,-0.06974285043090513,0.021344388826439697,-0.27658435835725076,-0.208156250251335
0.8420000000000006,0.19117235679893138,-0.2767729443740419,-0.06994869858624228,0.02142117098362125,-0.2790682512819802,-0.20353480098421733
0.8430000000000006,0.19119382040473856,-0.27704966560430766,-0.07016250416684457,0.021505984646904855,-0.2743735576316482,-0.2240702983217592
0.8440000000000006,0.19121537392027185,-0.27731849533008524,-0.07040819917908926,0.021601001974739985,-0.2632859905311141,-0.26731150067620474
0.8450000000000006,0.19123706568320903,-0.27759128639948843,-0.07065043723219569,0.02178245484503661,-0.2822954461702707,-0.2171581390207731
0.8460000000000006,0.19125887588586163,-0.27787258008730853,-0.07087180908816865,0.021837886867568865,-0.2802912110552431,-0.22557944006795647
0.8470000000000006,0.1912807462825165,-0.27814865699806224,-0.07111297438538904,0.02190285266282389,-0.2718624263265957,-0.2567435363042933
0.8480000000000006,0.19130272384699268,-0.2784311055542857,-0.07133935009516988,0.02205220082958109,-0.2930335533735841,-0.19600253349860877
0.8490000000000006,0.19132478626762447,-0.278723773497396,-0.07153563138109781,0.022072568686780987,-0.29230103519482814,-0.19655552035368962
0.8500000000000006,0.19134687198104391,-0.27901190422829064,-0.07174565973726912,0.022098794878308348,-0.28395957393331434,-0.22349550296085716
0.8510000000000006,0.19136898840341976,-0.27928841923850856,-0.071994177848938,0.022133999628916743,-0.26907050226641976,-0.2735324270295281
0.8520000000000006,0.19139118297683677,-0.2795651558872372,-0.07224580537034225,0.022255072016739593,-0.28440215494560156,-0.22971577430949552
0.8530000000000006,0.19141343593640803,-0.27984692448607196,-0.07248223226273008,0.022250778167739217,-0.2791345216527637,-0.24313113408367856
0.8540000000000006,0.191435690125925,-0.28012052872756815,-0.07274244737865139,0.022257542855280373,-0.2680740734322878,-0.2772904708843966
0.8550000000000006,0.19145799414579406,-0.2803982530584744,-0.07298967604036319,0.022350412927628432,-0.2873737182159049,-0.21716057652710768
0.8560000000000006,0.19148032770153506,-0.28068473826808576,-0.07320613618505863,0.022316620743543455,-0.28559570406146634,-0.21575420450966754
0.8570000000000007,0.19150263158612654,-0.28096602521421316,-0.07343319592125358,0.022291079747028975,-0.2769776022200026,-0.23835872837335048
0.8580000000000007,0.19152491546917438,-0.28123573042539546,-0.07369345845135371,0.02227663027895351,-0.262433059577774,-0.28215747116509043
0.8590000000000007,0.19154722845581723,-0.2815061937895185,-0.07395001446111736,0.022349259716908258,-0.2784930657387586,-0.23094759937309295
0.8600000000000007,0.19156955185112537,-0.2817824845579974,-0.07418379465725256,0.022297454889076904,-0.27408789149729795,-0.2366061544535614
0.8610000000000007,0.19159182912346795,-0.28205139697073833,-0.07443387753389161,0.022257024070613973,-0.2637368715017351,-0.26355160353473195
0.8620000000000007,0.19161410868894674,-0.2823249243637518,-0.07466446517826086,0.022302018251979593,-0.28331681640323325,-0.19761827492753073
0.8630000000000007,0.19163636952893193,-0.28260718474379876,-0.0748594848562325,0.022219578692298472,-0.2812026549606797,-0.19241668086005106
0.8640000000000007,0.19165855157949718,-0.2828835367282357,-0.0750625248318219,0.02214444812273981,-0.2715004138446915,-0.21365795101630833
0.8650000000000007,0.19168066358785166,-0.28314683267912055,-0.07529867763068523,0.022079506931919585,-0.25509143951304203,-0.25863996889105445
0.8660000000000007,0.19170275374872414,-0.2834086592700931,-0.0755335021479765,0.022100730740548424,-0.26856098602466805,-0.2110029770189593
0.8670000000000007,0.19172487028109989,-0.2836805759760021,-0.0757326574639259,0.02213225941970244,-0.2752712830665599,-0.18730299622819946
0.8680000000000007,0.1917470222310553,-0.28395536297786594,-0.07592151267923791,0.02217157310541201,-0.2743016001280863,-0.190402914063987
0.8690000000000007,0.19176921758448656,-0.2842254018283289,-0.07612667756521022,0.022219075063262938,-0.2657754693077326,-0.21992101978062306
0.8700000000000007,0.19179146617895462,-0.28448371227023744,-0.07637278107315666,0.022278068668394657,-0.25084573674838145,-0.27227740415091484
0.8710000000000007,0.19181381755507565,-0.284742297273537,-0.07662410961958689,0.02242461247324709,-0.26632388938191803,-0.2303725370570165
0.8720000000000007,0.19183632149030042,-0.28501333580752675,-0.07684438333563706,0.022583195774029754,-0.27575243324154286,-0.21016899981604134
0.8730000000000007,0.1918589887067259,-0.2852903592739645,-0.07705658848617013,0.022751182169992435,-0.2782937663403522,-0.21423547877397686
0.8740000000000007,0.19188182860572803,-0.28556653370042656,-0.07728481244497921,0.022928569534030052,-0.27405478850623466,-0.2422053734820354
0.8750000000000007,0.1919048518896868,-0.28583559714262985,-0.07755133048351887,0.023117964533922248,-0.2640726474143455,-0.29082111434822255
0.8760000000000007,0.19192810800622231,-0.2861101069608064,-0.0778185460616019,0.023394205239677106,-0.28494662537264986,-0.2436023885644476
0.8770000000000007,0.19195157819756176,-0.28639544083744195,-0.07806636089441857,0.023546120895945037,-0.2857207940533467,-0.25201978238554534
0.8780000000000007,0.1919752058600852,-0.2866787645517012,-0.07833257477309628,0.023709156961233702,-0.28092678178756825,-0.2803990983943582
0.8790000000000007,0.1919990383956262,-0.28697241714334826,-0.0785801313107397,0.023955841109932534,-0.3063773503916456,-0.21470795166946696
0.8800000000000007,0.19202305298674285,-0.2872808149101675,-0.07879178738128095,0.02407327265497826,-0.31041689888290086,-0.20859918974503255
0.8810000000000007,0.19204711994580514,-0.287582412770359,-0.07902753217549938,0.024060581960969746,-0.2927783762651043,-0.2628831772418446
0.8820000000000007,0.1920712146090242,-0.287881102646132,-0.07927171040559232,0.02412866070458324,-0.3046003258912223,-0.2254672261031607
0.8830000000000007,0.19209531324479226,-0.2881811108646689,-0.0795076304286336,0.024068531660610692,-0.2954153561550915,-0.24636626450786261
0.8840000000000007,0.19211935650370138,-0.2884689828943671,-0.07977491121579221,0.024017919374513422,-0.2803287713285117,-0.28818648063374186
0.8850000000000007,0.19214339120270438,-0.2887570256452496,-0.08003654908174401,0.024051385063239783,-0.2957558573551175,-0.2350825926651014
0.8860000000000007,0.19216739619012566,-0.28905022395260804,-0.08027354857608635,0.0239585028347996,-0.29063993279491135,-0.2389100402889968
0.8870000000000007,0.1921913131201501,-0.2893352597720982,-0.08052516664831999,0.023875280499540304,-0.2794314042659513,-0.26431842294319424
0.8880000000000007,0.19221518803436816,-0.28962393205776416,-0.08075604748121405,0.023874449784130673,-0.29791177338063546,-0.19743829878020117
0.8890000000000007,0.19223899749279602,-0.2899201438504483,-0.08095063486990013,0.023744373718025805,-0.2945102709081749,-0.1917324856962684
0.8900000000000007,0.19226267981413528,-0.2902090590039841,-0.08115299092576837,0.023620184403507754,-0.2833189183443588,-0.21297466198961568
0.8910000000000007,0.1922862424118426,-0.2904833382242209,-0.08138868901526052,0.023504939363516768,-0.2652393007220191,-0.25841410929722003
0.8920000000000007,0.19230973169625454,-0.2907543788080327,-0.08162377008919221,0.023473536741855414,-0.2768409211817169,-0.21174226001076737
0.8930000000000007,0.19233319439841012,-0.29103360087688607,-0.08182423483613996,0.023451784353256146,-0.28160194281155704,-0.18918276027968237
0.8940000000000007,0.19235663909541117,-0.29131373781541,-0.08201552834252207,0.02343753385614801,-0.2786707407697815,-0.19339979222595827
0.8950000000000007,0.19238007366007162,-0.2915871923915127,-0.08222414100366633,0.02343152878466382,-0.26823776355063056,-0.22381963022115978
0.8960000000000007,0.19240350813046236,-0.2918470675769518,-0.08247440550054698,0.023437359284645288,-0.25151296531021833,-0.27670059866035573
0.8970000000000007,0.192426991858421,-0.2921054717235672,-0.08273025252907983,0.023530017625449498,-0.2652949391411081,-0.23498625382278882
0.8980000000000007,0.19245057468530424,-0.29237472611362186,-0.08295494734957358,0.023635566207273532,-0.27321312211268417,-0.21439738117271853
0.8990000000000007,0.1924742682847711,-0.29264855275175644,-0.0831708934616764,0.023751570334263568,-0.274439470069685,-0.21748888819247447
0.9000000000000007,0.19249808316322903,-0.2929203054539577,-0.08340161987724078,0.0238781329162039,-0.2690656955389408,-0.2439567597274858
0.9010000000000007,0.1925220311876992,-0.2931838837062081,-0.08366894052330966,0.024017874656760654,-0.2580914187263665,-0.2906748702396282
0.9020000000000007,0.192546162304694,-0.2934519328998153,-0.08393503394379374,0.024244288354149504,-0.27800659073928885,-0.2415044647675723
0.9030000000000007,0.1925705256628348,-0.2937369890739126,-0.08416237591737749,0.024482366553894113,-0.2921048903060838,-0.2131735843028887
0.9040000000000007,0.1925951310299343,-0.29403264247376154,-0.08437362014168132,0.024728313306030106,-0.2992009147976288,-0.20930944091929227
0.9050000000000007,0.19261998568727573,-0.29433177352837886,-0.08459356964206194,0.024980954282551503,-0.29906049793937245,-0.2305832904613983
0.9060000000000007,0.19264509709823813,-0.29462751749423216,-0.08484617937947428,0.025241831159784726,-0.29242747828421706,-0.2746277049465504
0.9070000000000007,0.1926705097592567,-0.2949315444471435,-0.0850963883502735,0.02558343046952148,-0.3156254747343638,-0.22578387048219942
0.9080000000000007,0.1926961992259952,-0.29524820617875897,-0.08532704260049327,0.025795445725963033,-0.3176970713130923,-0.2355184098452884
0.9090000000000007,0.1927221037346594,-0.29556364576226535,-0.08557886709541121,0.026013523139483293,-0.31318172285043,-0.268122783559235
0.9100000000000007,0.19274826499775086,-0.2958892212801575,-0.08581758126399641,0.026308933455354205,-0.3379677973468914,-0.20930035045242454
0.9110000000000007,0.19277465479030512,-0.2962285747415354,-0.08602805911397143,0.02647058275500685,-0.34073751806203306,-0.21165074559207356
0.9120000000000007,0.19280113928466602,-0.2965597122465552,-0.08627138850471412,0.026498340976656095,-0.3215369201855565,-0.27500063907427585
0.9130000000000007,0.1928276898628487,-0.29688635779698025,-0.08653212510004936,0.026602730502268006,-0.3317530396845318,-0.24646607392513342
0.9140000000000007,0.1928542796540505,-0.2972129036622608,-0.08679274074673342,0.026576771010416868,-0.3213380293944783,-0.2747576958157565
0.9150000000000007,0.19288088174447476,-0.29754373743922696,-0.08703572289597716,0.02662730803580536,-0.3403277016730536,-0.2112018757848688
0.9160000000000007,0.19290746738021528,-0.29788257127489703,-0.08724566300201679,0.026543863580967542,-0.3373380846125477,-0.20867431656012156
0.9170000000000007,0.19293397037856375,-0.29821451576701696,-0.08746633646208934,0.026462041569680794,-0.3265495014749292,-0.23266741455364623
0.9180000000000007,0.1929603939436289,-0.2985322668409505,-0.08772274577511,0.026385009694217934,-0.3089522019812182,-0.2801434032953742
0.9190000000000007,0.19298677972628694,-0.2988473023674373,-0.08798020256610668,0.02638645437151492,-0.3211175506637326,-0.2347642343124432
0.9200000000000007,0.1930131020795611,-0.29916406296390846,-0.08822114735109897,0.02625815543422826,-0.3124025830853803,-0.2471191682842755
0.9210000000000007,0.19303929999261515,-0.29946905646595223,-0.08848514197924233,0.026137585291326655,-0.2975840810674893,-0.28086203718058156
0.9220000000000007,0.1930654173150469,-0.29977420351448036,-0.08873622329423565,0.02609695096871221,-0.3127085908829453,-0.22129515769222716
0.9230000000000007,0.19309142924011147,-0.30008386244266716,-0.08895719933901468,0.02592679576076785,-0.3066078740985749,-0.22065196174611376
0.9240000000000007,0.1931172743770908,-0.30038395056703965,-0.08918959050667069,0.02576338479713594,-0.2935675109407094,-0.24412415197168652
0.9250000000000007,0.19314296118697036,-0.3006680299515583,-0.08945598435750081,0.02561015525968295,-0.27459133664839297,-0.2886547788849542
0.9260000000000007,0.19316853652255167,-0.3009484011521916,-0.08971943293443761,0.02554041007299567,-0.28615019774804734,-0.23823579303460457
0.9270000000000007,0.19319404744724697,-0.30123731268174664,-0.08994319112392715,0.02548134408585958,-0.2916716280238508,-0.2092754773611984
0.9280000000000007,0.19321950331913898,-0.30152818555971955,-0.09015041480333173,0.02543031257838026,-0.2900728916535625,-0.20516709468920177
0.9290000000000007,0.19324491217009168,-0.30181384043782605,-0.09036615402531666,0.025387310800899773,-0.28123605099596827,-0.2263055484752678
0.9300000000000007,0.1932702833756113,-0.3020874701632008,-0.09061433057475266,0.02535503390285174,-0.2660234486917946,-0.27003936625904923
0.9310000000000007,0.1932956639293437,-0.30236088866916777,-0.09085966016393467,0.025405983515253625,-0.2808126895582464,-0.22061371384522346
0.9320000000000007,0.19332110057607685,-0.3026458115725403,-0.0910671712829789,0.025467229419084688,-0.28903186282290894,-0.19440385360329954
0.9330000000000007,0.19334660220036445,-0.30293515587971653,-0.09126167113711285,0.02553594558129808,-0.28965550598704337,-0.19459138255805236
0.9340000000000007,0.1933721762613087,-0.30322132557697756,-0.09146955612230531,0.025612110676238944,-0.28268310774849004,-0.2211728927965027
0.9350000000000007,0.193397831607466,-0.30349723662071254,-0.09171562674566926,0.025698528340139647,-0.2691391304509548,-0.27095999333185145
0.9360000000000007,0.1934236147440777,-0.30377459457077244,-0.09196491958434508,0.025867667585214853,-0.2855760425030052,-0.2276191716515301
0.9370000000000007,0.19344957211017338,-0.30406519364043844,-0.09218217002849047,0.026046995851568736,-0.2956210335972655,-0.2068763974069342
0.9380000000000007,0.1934757125436442,-0.3043622109703802,-0.0923912963333079,0.026233809044395894,-0.29841261222228405,-0.21137088086632402
0.9390000000000007,0.19350204351608571,-0.30465845194948415,-0.09261733406953644,0.026428081883449635,-0.29406882062272666,-0.24069788598928965
0.9400000000000007,0.1935285737987663,-0.30494732195184704,-0.09288341642472146,0.026632441792677125,-0.28367158352654287,-0.2914573999090142
0.9410000000000007,0.19355534942858268,-0.3052410328069793,-0.09315282583853998,0.026918748658578903,-0.3037495028408539,-0.24735413387347058
0.9420000000000007,0.19358234812919886,-0.3055447373276327,-0.09340595944501552,0.02707858871839031,-0.3036590816103861,-0.2589055929106763
0.9430000000000007,0.19360951167067225,-0.3058455719617291,-0.09368052035323068,0.027248439736911385,-0.29801030346869595,-0.2902071027417052
0.9440000000000007,0.19363688494392958,-0.3061558677784828,-0.0939392795762097,0.027498026060965207,-0.32258011127567726,-0.22730533286504256
0.9450000000000007,0.19366444260633595,-0.30648016842142883,-0.09416439457692076,0.027617221901667592,-0.3260198586991712,-0.2229193460983068
0.9460000000000007,0.19369212174081743,-0.3068043457618445,-0.0943973761483181,0.02774097756615434,-0.322333869955649,-0.24303754547948622
0.9470000000000007,0.1937199278588703,-0.3071216501373443,-0.09466155046816252,0.027871199614162123,-0.31227472110066307,-0.28530258802992925
0.9480000000000007,0.19374790288680602,-0.3074438143572197,-0.09492141750663416,0.02807877315749509,-0.33205244149539576,-0.23442543527676243
0.9490000000000007,0.19377601989148657,-0.3077752498748125,-0.09515942740441555,0.028155155892267476,-0.33081743020974036,-0.24158837265751326
0.9500000000000007,0.1938042158864599,-0.30810217808816226,-0.09541590069250891,0.028236762582245424,-0.3230384066564712,-0.27135066639999494
0.9510000000000007,0.19383249764982496,-0.30841862743313586,-0.09571165481657529,0.02832670522181691,-0.30986065280532327,-0.32014729508074385
0.9520000000000007,0.19386090929799046,-0.3087374348428899,-0.096007678877979,0.028496500811617736,-0.32775333754097014,-0.27189315151519317
0.9530000000000007,0.19388942668512732,-0.30906431137179896,-0.09628231520911462,0.02853818880603148,-0.3259990586471846,-0.2773717608467345
0.9540000000000007,0.1939179899152156,-0.3093868170494239,-0.09657166659934038,0.028588195708339013,-0.31901213603445366,-0.3013219426712894
0.9550000000000007,0.1939466417422644,-0.3097174752752676,-0.09683765346859106,0.028715356525986387,-0.3423026640850123,-0.23064632458092799
0.9560000000000007,0.19397535430292284,-0.31006078334174825,-0.09706235677229946,0.02870966681181338,-0.34431167963938863,-0.21875576191968596
0.9570000000000007,0.1940040621374612,-0.3104023375740438,-0.09728796094162591,0.02870591144084552,-0.33879530153456733,-0.2324474153084094
0.9580000000000007,0.19403276803701136,-0.31073489006932525,-0.09753919434593739,0.0287058068016895,-0.3263089585385002,-0.2700122018724047
0.9590000000000007,0.19406151084270887,-0.3110694970893281,-0.09778254616261893,0.02877970417329806,-0.3429032673878466,-0.21668669723630854
0.9600000000000007,0.194090260624263,-0.31140981450376,-0.09800273731537343,0.028719759708713665,-0.3377298939391047,-0.22369096178086553
0.9610000000000007,0.19411895207650476,-0.31174132961445,-0.09824233380334026,0.028663054897489933,-0.32529932129380046,-0.2554956617310343
0.9620000000000007,0.19414759037203116,-0.3120574258216275,-0.09852416199185215,0.028613460285312545,-0.30689317908149566,-0.30815131558822184
0.9630000000000007,0.19417621862598672,-0.3123704519201302,-0.09881076881031547,0.028642943847767416,-0.3191580690867971,-0.26505514420952403
0.9640000000000007,0.19420488058735838,-0.3126929626931841,-0.09906407388571259,0.02868088422531832,-0.3258622453813135,-0.24154897611677345
0.9650000000000007,0.19423358351214018,-0.3130189434199899,-0.09930507932839529,0.02872487816739688,-0.3260980332550907,-0.24045596447424405
0.9660000000000007,0.19426233342914695,-0.313341905963738,-0.09955626089469784,0.02877487687932305,-0.31982632171176006,-0.2619001059988178
0.9670000000000007,0.19429113750733656,-0.31365575977977,-0.09983886124764853,0.028833211717084372,-0.30788140664518415,-0.3032912167557411
0.9680000000000007,0.19432003913739332,-0.3139729073493098,-0.10011527902391519,0.028969952873739116,-0.32641257260038176,-0.2495377907309944
0.9690000000000007,0.19434901279822633,-0.31429839513535224,-0.10036598853159259,0.0289772779815769,-0.3245619603915875,-0.2518748007280166
0.9700000000000008,0.19437799729433,-0.31461898814812395,-0.1006296440857064,0.028991632258071883,-0.3166235307390036,-0.2754285938912305
0.9710000000000008,0.19440700100125574,-0.314929063802555,-0.1009260230273881,0.029015711342440492,-0.30352810562362287,-0.3173191678706737
0.9720000000000008,0.19443606867700583,-0.3152415513739133,-0.10121588439976878,0.02911953906919611,-0.32144603484858664,-0.26239649296106327
0.9730000000000008,0.1944651762351846,-0.3155620266659034,-0.10147806385428897,0.02909548236310618,-0.31950366431304444,-0.26195549039475846
0.9740000000000008,0.1944942639505854,-0.3158777269677097,-0.10174976457926571,0.029079862409453944,-0.3118965048958691,-0.2814379255772025
0.9750000000000008,0.19452334144739436,-0.3161833797289385,-0.10204970144339667,0.02907505637265276,-0.2994093653604397,-0.3184256175926896
0.9760000000000008,0.19455245424590523,-0.3164920955481819,-0.1023381018244266,0.029150434634444666,-0.31802120201569084,-0.2583682880396521
0.9770000000000008,0.1945816068176697,-0.3168123933226919,-0.10258667359058841,0.029154611107050244,-0.3225730866732422,-0.23876941032831195
0.9780000000000008,0.1946107668274859,-0.31713398809256416,-0.10282693845618346,0.029165318375704553,-0.3206153371453717,-0.24175432970328659
0.9790000000000008,0.1946399410645801,-0.31745043669964407,-0.10308127979249611,0.029183074482986703,-0.3122812929790024,-0.266920984621909
0.9800000000000008,0.19466913799821792,-0.3177558584775967,-0.10337034505847802,0.02921072350503703,-0.2985625876290011,-0.3111996444964406
0.9810000000000008,0.19469840241945008,-0.31806298668474503,-0.10365556688975619,0.02931801991877126,-0.3156928718920748,-0.2592370007420461
0.9820000000000008,0.19472777852886392,-0.31838439372848576,-0.10389886833051043,0.029434109674521074,-0.3271198402147227,-0.22736040318588926
0.9830000000000008,0.19475727333704787,-0.31871374468046293,-0.104122288514942,0.02955542450690697,-0.33158061078791523,-0.21947495764823732
0.9840000000000008,0.19478689153410247,-0.3190439061368556,-0.10435032857647432,0.029680894256377384,-0.3287411815208895,-0.23659935167712084
0.9850000000000008,0.19481663805138907,-0.31936789513329966,-0.10460700316267321,0.029812074760548847,-0.3192364614432219,-0.2767418459490862
0.9860000000000008,0.19484655296933862,-0.3196970556963806,-0.10485797263778862,0.03001767393836615,-0.3390831245952604,-0.22519175332094393
0.9870000000000008,0.19487660714985375,-0.32003537418698547,-0.1050869569694423,0.03009060134542536,-0.3375524761306886,-0.2327715397774171
0.9880000000000008,0.19490673638947228,-0.3203687005549671,-0.10533539295361527,0.03016780071452057,-0.329099501991944,-0.2640933920426942
0.9890000000000008,0.19493694658404107,-0.3206907150674064,-0.10562514794058223,0.030252523970296957,-0.3149297981309083,-0.3154066039626997
0.9900000000000008,0.19496728021378074,-0.3210139304965196,-0.10591817691808228,0.0304146416990412,-0.33150011044129535,-0.27064399702741904
0.9910000000000008,0.19499771161089408,-0.3213438699395786,-0.10619336313219106,0.030448063745992744,-0.3283781082852216,-0.2797207010719292
0.9920000000000008,0.19502818073889325,-0.321668103792454,-0.10648674865768944,0.030490112746632977,-0.3200895195375969,-0.3070410446165835
0.9930000000000008,0.19505872990691223,-0.32199923322331386,-0.10675997973532005,0.03060811677094743,-0.3421677026052946,-0.2394155301434631
0.9940000000000008,0.19508933097729203,-0.32234198070502335,-0.10699440404957286,0.030593921606337757,-0.3433255900158901,-0.2294281911514721
0.9950000000000008,0.195119919516576,-0.322682327404006,-0.10723099166258536,0.0305830620327643,-0.337366490136224,-0.24374136285452175
0.9960000000000008,0.19515049975638935,-0.3230134469691539,-0.10749314957714709,0.03057733277337335,-0.3248720960997279,-0.28056671873216066
0.9970000000000008,0.19518111102614127,-0.32334676025945486,-0.10774621315384952,0.03064510059185722,-0.3417527017631072,-0.22555551891734937
0.9980000000000008,0.19521172355209138,-0.32368626080191054,-0.10797383084195351,0.030579847243404748,-0.3372467770208722,-0.22967499314616951
0.9990000000000008,0.1952422729498475,-0.3240177457887427,-0.10821759611862579,0.03051885323929892,-0.32572221505713495,-0.2578491248131648
1.0000000000000007,0.19527276520461861,-0.32433476614518797,-0.10849981078504078,0.030465574365378778,-0.3083185556241989,-0.3065709055766289
1.0010000000000006,0.1953032428606037,-0.32464963316821427,-0.10878312354014712,0.030489628491305185,-0.32141435786380523,-0.26004793259077524
1.0020000000000004,0.19533374872937567,-0.3249747231030189,-0.10902999520644412,0.0305220092492106,-0.32876408644298355,-0.2336899389370558
1.0030000000000003,0.19536428982146145,-0.3253037835998094,-0.10926216651674574,0.030560082403753283,-0.3293555313862853,-0.2306473615423804
1.0040000000000002,0.19539487171749062,-0.32563000061211883,-0.10950312852416338,0.030603624912973273,-0.3230775649245569,-0.25127023326266823
1.0050000000000001,0.19542550100532208,-0.3259469063437512,-0.10977530091047405,0.03065487690954143,-0.31073382654377874,-0.29306574660776713
1.006,0.19545621953634038,-0.3262664620357209,-0.1100424488424573,0.03078208634339081,-0.3283762085560652,-0.24122418672593385
1.007,0.19548706838921698,-0.32660041443865956,-0.11026898887832075,0.030915529722896403,-0.33952687428356076,-0.21185136690591705
1.0079999999999998,0.19551805212704784,-0.32694168676254115,-0.11047919631200151,0.031051862383391426,-0.3430160482377552,-0.20855923447855626
1.0089999999999997,0.19554917331809823,-0.3272825368750703,-0.11069939115819773,0.03119044267235068,-0.33868289559452,-0.23182506064947644
1.0099999999999996,0.19558043527539284,-0.32761557570543637,-0.11095477419612397,0.031333405344112275,-0.3273944000636922,-0.27893303100306566
1.0109999999999995,0.19561187653489925,-0.32795195196966315,-0.111211526871331,0.031549025943977155,-0.3453566217606374,-0.23456673523527813
1.0119999999999993,0.19564346693694482,-0.3282957381238393,-0.11145301046805764,0.031631691694257974,-0.34221448651756775,-0.2483944252564009
1.0129999999999992,0.19567514248642168,-0.3286331652689393,-0.11171939163089384,0.031719330144167175,-0.33263933695446635,-0.2843598634590845
1.0139999999999991,0.1957069322448047,-0.3289705392613994,-0.1119922434420042,0.03186009554607849,-0.34210751715035115,-0.26133704083191295
1.014999999999999,0.1957388656488498,-0.3293143881605376,-0.11225242859761224,0.032006628396558524,-0.34558919228566365,-0.2590266326963881
1.015999999999999,0.19577094818009852,-0.3296586618573183,-0.11252084447621657,0.03215835730554332,-0.34295751067968455,-0.2777974628147297
1.0169999999999988,0.1958031858392272,-0.3299975903748903,-0.11281749241043944,0.032316893875779545,-0.3348995908786189,-0.3154886044310012
1.0179999999999987,0.19583561889131915,-0.33034365426629647,-0.11310424019039168,0.0325491151033788,-0.35722670743675233,-0.25800065398151345
1.0189999999999986,0.19586821759317527,-0.33070181780747215,-0.11336149637826803,0.032648196184539506,-0.35909900834998115,-0.2565055767158898
1.0199999999999985,0.19590091698650675,-0.3310586584525842,-0.11362816691321602,0.03275050544588389,-0.3545813634815392,-0.2768282164093469
1.0209999999999984,0.19593372128109168,-0.3314081696981543,-0.11392487206834696,0.03285800877404303,-0.344441029746854,-0.316572526537564
1.0219999999999982,0.19596666923962355,-0.33176267890080335,-0.11421385242022718,0.03303780586150058,-0.3645757632046097,-0.2613820066461416
1.0229999999999981,0.19599973001921198,-0.33212710460979117,-0.11447556934639792,0.03308365329694797,-0.3642742243592232,-0.26204568245723014
1.023999999999998,0.19603283810032374,-0.332488093509183,-0.11474864060677942,0.033132416719967195,-0.357702650063614,-0.28408940277866707
1.024999999999998,0.19606599757495435,-0.33283980312608746,-0.11505311918941286,0.03318645093706025,-0.3457165266983186,-0.3248579255436029
1.0259999999999978,0.1960992473407618,-0.3331947925083065,-0.11535048167981199,0.033312970247957215,-0.36426063773257494,-0.26986069740222324
1.0269999999999977,0.19613255692923534,-0.3335582592624695,-0.11562029254237374,0.033306099466051925,-0.3626714812409341,-0.269754631738014
1.0279999999999976,0.196165861477012,-0.333917146924272,-0.1159002334632521,0.03330289699671944,-0.3551029550070586,-0.29011958465599
1.0289999999999975,0.19619916584234856,-0.3342658816807782,-0.11620952394802696,0.033305745229967515,-0.3423665143563758,-0.32845145730870584
1.0299999999999974,0.1962325095703637,-0.3346172251078441,-0.11650902535813652,0.03338159285815498,-0.3603186963385614,-0.27054510809047394
1.0309999999999973,0.19626586273385788,-0.33497649696401954,-0.11677795023865385,0.03332462020665521,-0.3582235643493351,-0.2672984621771873
1.0319999999999971,0.19629916100614742,-0.33533067414851553,-0.11705391965432521,0.033271818749083644,-0.35012982203614595,-0.2846330867890745
1.032999999999997,0.19633240968750118,-0.3356741150115776,-0.1173564211956484,0.03322544895691624,-0.33675173462318364,-0.3203605400401103
1.033999999999997,0.19636564856263095,-0.33601941704096294,-0.11764689561627605,0.03325217847304498,-0.35385057369897877,-0.26058252621909267
1.0349999999999968,0.19639884788550116,-0.336371671918463,-0.11790534697331267,0.03314634871083086,-0.3506576181935525,-0.2563145310993297
1.0359999999999967,0.196431943663676,-0.33671760018310376,-0.11817029084075936,0.03304509771075599,-0.34119783263513104,-0.2735664474624884
1.0369999999999966,0.19646494169539477,-0.33705130012040274,-0.11846213484443545,0.03295086694153693,-0.32620180982647123,-0.31011256596685105
1.0379999999999965,0.19649788239466356,-0.33738513577717466,-0.11874316912643505,0.0329304067264197,-0.34146777881634893,-0.2519504901417618
1.0389999999999964,0.19653080538927206,-0.337731093382253,-0.11897688310883275,0.032915468163562944,-0.35044532985982313,-0.21547353493749302
1.0399999999999963,0.19656371447980925,-0.3380821945793972,-0.1191871153485852,0.032902605538743,-0.35175493679522973,-0.20498747383783905
1.0409999999999962,0.19659661134904746,-0.338430582870713,-0.11940045232006746,0.03289103204501368,-0.3450199243351994,-0.2216821158106901
1.041999999999996,0.19662949829408138,-0.33876854968369935,-0.11964304045119857,0.03288276702195009,-0.3309128640296504,-0.2634874271159355
1.042999999999996,0.19666238093175786,-0.3390895433207706,-0.11993745120223183,0.032882432815136815,-0.31107489598218513,-0.3253236199707624
1.0439999999999958,0.19669530160288828,-0.3394061929082994,-0.12024526857945952,0.03295880410632169,-0.3222235485138268,-0.29030318728009347
1.0449999999999957,0.19672830397136967,-0.33973164590857186,-0.12052646538853068,0.03304583556141025,-0.3286815607727469,-0.27208322524899453
1.0459999999999956,0.19676139771521736,-0.3400608536530934,-0.12079895017752025,0.03314156209010559,-0.32973316973013755,-0.2728789797993271
1.0469999999999955,0.19679459150801976,-0.34038841698124117,-0.12108171082986516,0.033245941402203924,-0.32539318340718165,-0.29263377960493264
1.0479999999999954,0.19682789494221015,-0.340709315696514,-0.12139254609042673,0.03336085482925464,-0.3164047115550376,-0.3290260442726084
1.0489999999999953,0.19686135126244805,-0.34103673678778285,-0.12169125804449966,0.03355168182331427,-0.3384361995699497,-0.268391169307669
1.0499999999999952,0.1968949863477261,-0.34138174746246575,-0.12194311560312815,0.033718394002375085,-0.3515835146339071,-0.23531868967294478
1.050999999999995,0.196928789798861,-0.34173640947110673,-0.12217381349152842,0.03388841999668484,-0.3577388103982123,-0.22607225134183642
1.051999999999995,0.19696276424417122,-0.3420935294099444,-0.1224077879533381,0.034060388354519605,-0.3564997201917856,-0.241871015311305
1.0529999999999948,0.196996912223878,-0.34244599425251715,-0.12266919444606499,0.03423549751121768,-0.34842940126292754,-0.28093414012373646
1.0539999999999947,0.19703123867415515,-0.3427877023208412,-0.12297901481216332,0.03441734277006279,-0.3349873549105418,-0.3386953465234876
1.0549999999999946,0.19706578388815085,-0.34313150555966104,-0.1232978946978179,0.034672992994292884,-0.3526182622833611,-0.2990562660161351
1.0559999999999945,0.19710051973739165,-0.34348348222755687,-0.12360270278829173,0.03479861756529906,-0.35133463826254024,-0.3105509621131377
1.0569999999999944,0.19713538527640487,-0.3438319766733334,-0.12392678300807548,0.03493238084827261,-0.3456544106350449,-0.33759889487569983
1.0579999999999943,0.19717042061258558,-0.34419022669859933,-0.1242294719423987,0.0351381809405034,-0.37084382818672734,-0.26777301095923195
1.0589999999999942,0.19720559448654076,-0.34456354394569916,-0.1244899227171624,0.03520946015245335,-0.37578888265361715,-0.2531231179946147
1.059999999999994,0.19724084024078872,-0.3449384481869928,-0.12474706654621631,0.035281947941466635,-0.3740180913564989,-0.26115858326101654
1.060999999999994,0.19727615947741337,-0.3453083752275446,-0.1250231157208988,0.03535643298985863,-0.36583514456304755,-0.29093206645480146
1.0619999999999938,0.19731155570140663,-0.345667483145604,-0.12533803448256517,0.03543593421602502,-0.3523808749066355,-0.3388948710223512
1.0629999999999937,0.19734706696963755,-0.3460285397151527,-0.12565254409255297,0.03558649075439946,-0.3697308114089254,-0.29011735356531626
1.0639999999999936,0.19738266229488502,-0.3463972204231702,-0.12594460614376246,0.035604051586430076,-0.3676295027090683,-0.29399930704451627
1.0649999999999935,0.19741827764213668,-0.3467612033351634,-0.12624950882287353,0.03562654288540742,-0.36033576584017113,-0.3157972252778525
1.0659999999999934,0.19745391913995544,-0.34711572276049557,-0.12658384715165769,0.03565636286277538,-0.3487033618674485,-0.3528683158845357
1.0669999999999933,0.19748962657377733,-0.3474742704465139,-0.12690607958153652,0.03575838113837326,-0.36839037442709965,-0.29158984706603813
1.0679999999999932,0.19752536964571163,-0.3478428172864335,-0.127193249205091,0.035727643850738504,-0.3687018648081969,-0.28274279665280433
1.068999999999993,0.19756108403500816,-0.34820887920193183,-0.12748116237283028,0.03570102344872088,-0.3634208911390611,-0.2930761592344168
1.069999999999993,0.19759677456470096,-0.3485670794519083,-0.1277883409462342,0.03567993377675197,-0.3529792182249001,-0.32127183007391785
1.0709999999999928,0.19763247876818674,-0.3489299189682934,-0.12807636249181578,0.03572834475352431,-0.3726976088881815,-0.25476638131423085
1.0719999999999927,0.1976681635806671,-0.34930213083396033,-0.1283261711166844,0.035641154610359174,-0.3717240722472334,-0.24484627591072125
1.0729999999999926,0.19770376192001796,-0.3496699029787507,-0.12857777149557142,0.03555540599943999,-0.3638186027045622,-0.2583489771955293
1.0739999999999925,0.19773927621048454,-0.35002659209242004,-0.12885370964648846,0.03547306683721988,-0.3495588445101841,-0.2935196580231344
1.0749999999999924,0.1977747119480376,-0.3503665488765574,-0.12917348262582706,0.03539831407708626,-0.33035513456956406,-0.34601534262479217
1.0759999999999923,0.19781010995834308,-0.3507029598274575,-0.12949667972838602,0.035397579834406764,-0.34246558162606777,-0.300371445607464
1.0769999999999922,0.1978455116446454,-0.3510491737216712,-0.1297824053235323,0.035405675198751915,-0.3499607633101774,-0.27107346444337815
1.077999999999992,0.19788092446310834,-0.3514000215660492,-0.1300487327159293,0.03541985166561922,-0.3517335117285098,-0.2615752906366365
1.078999999999992,0.19791635411141278,-0.3517496068637808,-0.1303160086768333,0.03543934222014192,-0.34743603349892443,-0.27296981307745594
1.0799999999999919,0.1979518065712824,-0.35209208613019227,-0.1306044268258625,0.03546548392715556,-0.3375221638634661,-0.30385777968024397
1.0809999999999917,0.1979872901431444,-0.35242244331384764,-0.13093161981128243,0.035501578203708146,-0.3231928946127488,-0.35051660952385083
1.0819999999999916,0.198022847336991,-0.35275424617299417,-0.1312560627106858,0.03561269307057447,-0.34041172087373256,-0.2983616600527533
1.0829999999999915,0.19805852016874054,-0.35310094235332,-0.13153659238351048,0.03573286351813479,-0.35297915785755557,-0.26269159844288303
1.0839999999999914,0.19809431578423664,-0.3534571822403783,-0.13179185476922906,0.0358582677357007,-0.3594990464129473,-0.24782763908433578
1.0849999999999913,0.19813023854521625,-0.35381661897882055,-0.1320435768764762,0.03598716075311014,-0.3593731222321155,-0.25561051475965996
1.0859999999999912,0.19816629220736165,-0.3541727420701433,-0.13231397557483474,0.03612007788736678,-0.3528724006559363,-0.28517909621064713
1.086999999999991,0.19820248216227,-0.35451973000139275,-0.13262310737673513,0.03625975746485145,-0.34110381803545836,-0.33307384936809514
1.087999999999991,0.1982388474524798,-0.35487028903718204,-0.13293201438789157,0.036470718399073454,-0.36001291448781897,-0.28473322427547604
1.0889999999999909,0.198275402320586,-0.35523459173546945,-0.13320789373581748,0.03663891953087314,-0.3685910576111007,-0.2670191442952233
1.0899999999999908,0.19831212710499535,-0.35560441557573386,-0.1334764847183996,0.03681055716883063,-0.3710553796046754,-0.27015617942050507
1.0909999999999906,0.19834902518989087,-0.35597368419807573,-0.1337585066479826,0.036985527576193326,-0.3674811579658633,-0.2938796275671378
1.0919999999999905,0.19838610089292377,-0.3563367913454407,-0.13407318689380043,0.03716580312735011,-0.3587333103070223,-0.33547032710085517
1.0929999999999904,0.1984233912803801,-0.3567063976767083,-0.13438153559293647,0.037414866909571944,-0.38047768129017256,-0.28122062798120295
1.0939999999999903,0.19846086316625328,-0.35708782258884175,-0.13466254587193094,0.03752880184445209,-0.38237076319311536,-0.28079321846500854
1.0949999999999902,0.1984984502003053,-0.35746822414075835,-0.13495303216625723,0.037645170173796025,-0.37843144808300705,-0.3001714356570426
1.09599999999999,0.19853615569332805,-0.35784213030219986,-0.1352716725334361,0.03776572888483117,-0.3693807981266077,-0.3370991132265228
1.09699999999999,0.19857401538079367,-0.3582221776290908,-0.13557943430743935,0.03795353021964624,-0.39071185802507025,-0.2784185879790501
1.0979999999999899,0.19861199449168432,-0.3586135136555002,-0.1358557429277414,0.03800457722196679,-0.39195846213595986,-0.27419269004119085
1.0989999999999898,0.19865002501596032,-0.3590030004544939,-0.136138249603515,0.0380563637672773,-0.3870138701972546,-0.29081359789342426
1.0999999999999897,0.19868810855594302,-0.35938476705016886,-0.13644680720268185,0.03811061764556104,-0.37651887209508345,-0.3262923428716455
1.1009999999999895,0.19872627909641913,-0.35977098784662387,-0.13674377077545452,0.038230338931002694,-0.3959204227414028,-0.26762973469273904
1.1019999999999894,0.19876450027925083,-0.3601663505629048,-0.1370099642704735,0.03821190296986377,-0.39480301244109206,-0.26475202856927754
1.1029999999999893,0.1988027029328576,-0.36055732007427876,-0.13728426339588137,0.03819328763246063,-0.3871345519821119,-0.28383973410283503
1.1039999999999892,0.1988408880022726,-0.36093772681408004,-0.13758745893077104,0.0381767444548255,-0.3736783782308029,-0.32254242636117664
1.104999999999989,0.19887908930205112,-0.36131957550084637,-0.13788246123288517,0.03822572352701795,-0.39001669201758,-0.2674572227342027
1.105999999999989,0.19891727088690594,-0.3617075455373237,-0.13815016703267766,0.03813731573723874,-0.3859214584662912,-0.2679490601234995
1.1069999999999889,0.19895536470417324,-0.3620882633600699,-0.1384290177031623,0.03805019647263015,-0.3755128811679097,-0.28974550131227217
1.1079999999999888,0.19899337343783424,-0.36245586251919376,-0.13873894928745892,0.037967159495527675,-0.3596851009403326,-0.3301083094416577
1.1089999999999887,0.199031333041979,-0.36282275266892305,-0.13904171787502118,0.037951910673328405,-0.37409309139486596,-0.2754235394469665
1.1099999999999886,0.19906927904925306,-0.36320110392061195,-0.1392998462081999,0.03793997532086316,-0.38260703253142203,-0.24082908053098667
1.1109999999999884,0.19910721319219485,-0.36358437332016585,-0.13953545104806123,0.037928188620988956,-0.3839294409109685,-0.2303768245431786
1.1119999999999883,0.1991451352420995,-0.3639651830354836,-0.13977326349177885,0.03791579545833663,-0.3776881147384115,-0.24524332442799895
1.1129999999999882,0.19918304548767463,-0.3643362683669608,-0.14003768308605435,0.03790458902482736,-0.36448156069034554,-0.2835888018544035
1.113999999999988,0.19922094719594977,-0.3646914128802753,-0.1403498717875432,0.03789873462737087,-0.34580776567137766,-0.34077795747611017
1.114999999999988,0.19925887818367016,-0.3650432732439182,-0.14067093356961488,0.037963118247085724,-0.3579116432847479,-0.301338424982445
1.115999999999988,0.1992968771377831,-0.3654048496905455,-0.14096090543398956,0.03803467524236275,-0.3652397748538325,-0.2785989142954115
1.1169999999999878,0.19933495008139332,-0.3657709283238942,-0.14123784737028175,0.03811110390455444,-0.3669161497757138,-0.27527847314152154
1.1179999999999877,0.19937310169648617,-0.3661357902206059,-0.1415213849299429,0.038192025216947194,-0.3628067610487927,-0.29178905333297767
1.1189999999999876,0.19941133727196061,-0.3664939613546284,-0.14183037752611588,0.03827903366652326,-0.3535354122464965,-0.32618641027442974
1.1199999999999875,0.19944969390780456,-0.36685793721157317,-0.1421264069759479,0.03843411882637106,-0.37441427469401695,-0.2658671751450034
1.1209999999999873,0.19948813791731032,-0.36723267335932686,-0.14238967776804587,0.03845378305734351,-0.3750562735456519,-0.26066897397988775
1.1219999999999872,0.19952660285765075,-0.36760485331723086,-0.14265859634698105,0.03847598746385302,-0.36930237840245117,-0.27716163055059756
1.1229999999999871,0.19956509217753976,-0.36796840412826387,-0.14295385522241727,0.038502551481966955,-0.357798827622712,-0.3133473085308483
1.123999999999987,0.19960361212765587,-0.36831827514864607,-0.14329297971647478,0.03853726048248084,-0.3419439545548425,-0.3648896205254621
1.124999999999987,0.19964220270971428,-0.36866809961548647,-0.14363400989003833,0.03864377987460333,-0.35770376126979453,-0.3171630251018725
1.1259999999999868,0.19968090391143498,-0.36903156999253195,-0.1439347905326885,0.038758508349988875,-0.36923546957749825,-0.2843917777476663
1.1269999999999867,0.1997197222138653,-0.3694038201844584,-0.14421225222165035,0.03887798811124204,-0.3752633583746156,-0.2705255149243063
1.1279999999999866,0.19975866156971275,-0.36977906911965636,-0.1444861534966818,0.03900062134998053,-0.37523324279531395,-0.2772703658091323
1.1289999999999865,0.19979772535475887,-0.3701513751691982,-0.1447767353269725,0.03912685393462055,-0.3693782205484953,-0.3038849659788497
1.1299999999999863,0.19983691837840362,-0.37051540912739295,-0.14510231796365045,0.03925910863923463,-0.3586900176787965,-0.34726929984301985
1.1309999999999862,0.19987627777655845,-0.3708841329579061,-0.14542292740960963,0.039459571889278185,-0.37875596086148955,-0.2939430538821167
1.1319999999999861,0.1999157704188801,-0.371263263815482,-0.14571628102264547,0.03952559960000398,-0.37950445078313555,-0.2927571731043326
1.132999999999986,0.1999553310503609,-0.3716404649203517,-0.14601761227515409,0.03959555720608877,-0.374896943662977,-0.30989714186120204
1.133999999999986,0.19999496444461465,-0.3720107056532464,-0.1463442344243341,0.03967113393624878,-0.3655844913667517,-0.34333684236032463
1.1349999999999858,0.20003470684802768,-0.3723868875165656,-0.1466562957932074,0.03981354612174076,-0.3867770839044251,-0.2807804490810176
1.1359999999999857,0.20007452348332547,-0.3727743264519512,-0.14693271022344778,0.03981960001792076,-0.38809892501995563,-0.27204286160948243
1.1369999999999856,0.20011434694685482,-0.3731599971820303,-0.14721081861327542,0.03982720928709453,-0.38324110367845005,-0.28416743181099857
1.1379999999999855,0.20015417950767217,-0.3735379618067028,-0.14751073896663722,0.03983780317102175,-0.3726874921307361,-0.31566476439448915
1.1389999999999854,0.20019402582624762,-0.3739031358024039,-0.14784995105031537,0.0398547362940768,-0.3576609284630121,-0.36274789467081253
1.1399999999999852,0.20023392355041128,-0.3742689129834601,-0.14818708601260733,0.03994058076147355,-0.373891804889751,-0.311515137829728
1.1409999999999851,0.20027391000008296,-0.37464860163913116,-0.14848103463262427,0.04003219613549378,-0.3854835751587969,-0.2763764709024339
1.141999999999985,0.20031398915593587,-0.37503688538661767,-0.14874999174466533,0.040125999760918074,-0.3910819704039003,-0.2615325260113005
1.142999999999985,0.20035416241243031,-0.37542748064894715,-0.1490151495612899,0.04022040322038882,-0.390106924211942,-0.26877724682212734
1.1439999999999848,0.20039443066854035,-0.3758139453627109,-0.1492981839043699,0.04031600626639062,-0.38282156520354343,-0.29728379084618145
1.1449999999999847,0.20043479647985657,-0.3761905062545643,-0.1496186827736084,0.040415524089201654,-0.37030032500880333,-0.34370340318515064
1.1459999999999846,0.20047529475542716,-0.37656975132713605,-0.14993772430847124,0.0405809057444585,-0.388187967647827,-0.2943734297545291
1.1469999999999845,0.20051589049210805,-0.37695718222651675,-0.1502335927408602,0.04061044803916795,-0.3866724578246495,-0.2973564828422221
1.1479999999999844,0.20055651744382758,-0.37734045294517116,-0.15054146359319834,0.0406433431837152,-0.3798681884339234,-0.31837682176264276
1.1489999999999843,0.20059718006749092,-0.3777146808496853,-0.15087811556509445,0.04068180128108986,-0.368587696666591,-0.3549163693507361
1.1499999999999841,0.20063791444602064,-0.37809302670717154,-0.1512028201023853,0.0407868217865871,-0.38810189388226474,-0.29448698983555344
1.150999999999984,0.20067868590654306,-0.3784811912402589,-0.151493231931351,0.04075596816907769,-0.3882254049557978,-0.2863306817807501
1.151999999999984,0.20071942777056662,-0.3788666373999208,-0.15178512793897894,0.04072763579357938,-0.38266558510997944,-0.2974544028363062
1.1529999999999838,0.2007601432902743,-0.37924391109183136,-0.1520970877075503,0.040703288149774544,-0.37188122276017377,-0.3264562674041205
1.1539999999999837,0.20080083806118318,-0.37960835707007434,-0.1524452313626071,0.040686149192193787,-0.3570111818542219,-0.36981936605651894
1.1549999999999836,0.20084155013542504,-0.3799736548738153,-0.15278727899148856,0.04073786015779674,-0.37358265702297716,-0.3142692707912048
1.1559999999999835,0.2008823169696209,-0.3803532584265921,-0.15308165471638502,0.040795678650954195,-0.38562234740122703,-0.2744769512571737
1.1569999999999834,0.20092314272891454,-0.38074187806877186,-0.15334647241390292,0.04085571739968891,-0.3916147819324958,-0.25515377318948956
1.1579999999999833,0.20096402868929256,-0.3811330982862365,-0.15360334606799214,0.040916086559878474,-0.3908237789297416,-0.2585883917666943
1.1589999999999832,0.20100497535580156,-0.38152020090826994,-0.15387483077425393,0.04097713655863508,-0.3833802530939042,-0.2843742233165653
1.159999999999983,0.2010459846890878,-0.38189702438962897,-0.15418175170744527,0.04104143026968478,-0.3702665361398198,-0.32945801184315154
1.160999999999983,0.20108709059852362,-0.38227566682016,-0.15448674299780582,0.04117026310789675,-0.38701625510190674,-0.28051910364294347
1.1619999999999828,0.20112832653682444,-0.3826681298133341,-0.15475272067659146,0.04130149576093815,-0.39790745827250423,-0.2514317666041399
1.1629999999999827,0.20116969334356782,-0.3830679870531466,-0.15500129180599936,0.04143200533658701,-0.4018048682935667,-0.2457060002619789
1.1639999999999826,0.201211189881168,-0.3834681218835378,-0.15525619056856335,0.041560962842966,-0.39846314599514654,-0.26408583891553034
1.1649999999999825,0.2012528153748894,-0.3838616315872512,-0.15554046780446132,0.041689925800526446,-0.3885555364689109,-0.3044604682397639
1.1659999999999824,0.20129457169940868,-0.3842427054716863,-0.15587376179365894,0.04182263688681113,-0.37359279323949063,-0.36211571724458946
1.1669999999999823,0.2013364936564709,-0.38462426850985676,-0.1562160191698472,0.042021159117236015,-0.38953184272837077,-0.322391508571274
1.1679999999999822,0.2013786163713023,-0.38501953580470827,-0.1565262472356819,0.04222415918171177,-0.40100112327357185,-0.2980578946033331
1.168999999999982,0.20142094285671083,-0.3854235465056421,-0.1568213437353027,0.042428705788249116,-0.4070187481679118,-0.292128348643952
1.169999999999982,0.201463474092888,-0.38583070778588857,-0.15712013208340125,0.04263366622635388,-0.4073026868855515,-0.3054406134666788
1.1709999999999818,0.2015062108728001,-0.38623551077887824,-0.1574411357415193,0.04283980033675369,-0.4023028977052976,-0.3365570016656118
1.1719999999999817,0.20154915810966698,-0.38663472032775775,-0.157795644886855,0.043054585567192216,-0.39611648287013895,-0.3724495169617849
1.1729999999999816,0.20159235163648717,-0.3870431974834392,-0.15813722006417968,0.0433323472761424,-0.4208356156677331,-0.3106946897463265
1.1739999999999815,0.2016357530359173,-0.387466769060409,-0.15844277324492587,0.0434703315373989,-0.42630566303221035,-0.30040526011585045
1.1749999999999814,0.20167922189574922,-0.38788597717532236,-0.15876441002100783,0.043467268036157414,-0.41210988677967764,-0.3428590591769646
1.1759999999999813,0.2017227171826009,-0.3883058232998701,-0.15908156601737278,0.04352316053116766,-0.4275796150270847,-0.2914482595473163
1.1769999999999812,0.20176619743703653,-0.3887311449534673,-0.15937418771342332,0.0434372022915227,-0.4230615149833073,-0.2937896533782426
1.177999999999981,0.20180959088427206,-0.3891489998556753,-0.15967894591197648,0.04334955356804875,-0.41264678938986077,-0.31571965637135946
1.178999999999981,0.20185289720583993,-0.38955393672045235,-0.1600140649257896,0.04326296091133197,-0.39722642909248673,-0.3545086803889409
1.1799999999999808,0.2018961477308803,-0.389958578900847,-0.16034018470493663,0.043237932820996396,-0.4120552141801725,-0.2977261931839569
1.1809999999999807,0.2019393035315867,-0.3903682748128217,-0.16063578301262652,0.04307351378974241,-0.40733441629349515,-0.29346512100124444
1.1819999999999806,0.20198229517067096,-0.3907704071782636,-0.16093666308587123,0.042909617446492576,-0.39692870241163336,-0.308288451893611
1.1829999999999805,0.2020251243417893,-0.39115961597512067,-0.16126092969254496,0.04274858770044219,-0.3814881639622565,-0.3402359463052214
1.1839999999999804,0.20206782391518904,-0.3915483694133481,-0.16156988778633777,0.04265039681224357,-0.39601581451594625,-0.27767647188631195
1.1849999999999803,0.20211042587696817,-0.39194861890466587,-0.16182649160530058,0.04255337499321347,-0.40448003379009984,-0.23552871439502024
1.1859999999999802,0.20215292965595494,-0.3923535317590806,-0.16205356598229684,0.042454037895786924,-0.4053426120966067,-0.2186179570110945
1.18699999999998,0.20219533242422025,-0.39275521639387706,-0.16227727124896352,0.04235135898272342,-0.398024056875272,-0.22878964023691412
1.18799999999998,0.20223763165678754,-0.3931457163115182,-0.16252401387519608,0.04224697453456953,-0.3829740993251933,-0.2646903869265729
1.1889999999999799,0.20227982773631778,-0.39351801341335635,-0.16281732796897114,0.042145066243671064,-0.36161979824611584,-0.3219288649356529
1.1899999999999797,0.20232195421409513,-0.39388376212218656,-0.1631213055645815,0.04210774846308004,-0.36987566961646384,-0.286020866130414
1.1909999999999796,0.20236404607350258,-0.39425506310226777,-0.16339867829152369,0.04207583702209428,-0.37272436844238305,-0.2687194847118363
1.1919999999999795,0.20240610806296058,-0.39462619877349087,-0.16366903035039754,0.042048015267393456,-0.3695453827765748,-0.27197894912387427
1.1929999999999794,0.2024481446091802,-0.39499122020386257,-0.16395268977396787,0.04202495830256181,-0.36049655368048616,-0.2953325815761299
1.1939999999999793,0.2024901617897042,-0.3953447164435965,-0.164268335421897,0.04200929419842055,-0.34649599175730444,-0.33594873913880696
1.1949999999999792,0.20253219698423508,-0.3956993494890529,-0.16457704272759657,0.04206095873763831,-0.3627680745242072,-0.2814606477569888
1.195999999999979,0.20257428692518373,-0.39606752529176614,-0.16484068609375116,0.042118796112316184,-0.37358127459635976,-0.24582199003262725
1.196999999999979,0.202616436064099,-0.3964431099941991,-0.16508021396487996,0.04217936090475997,-0.37758593975211574,-0.233229880090513
1.1979999999999789,0.20265864651815385,-0.39681905630275227,-0.16531941538975453,0.04224143189265815,-0.3743049192544923,-0.2451681857887189
1.1989999999999787,0.20270092037632284,-0.3971883043526416,-0.16558211872215237,0.04230617687334083,-0.3641902699502207,-0.28023149503638156
1.1999999999999786,0.20274326202569687,-0.3975446840884984,-0.16588938556196509,0.04237702622169026,-0.34856953177573197,-0.33429176629371743
1.2009999999999785,0.20278570796103176,-0.3979005272669083,-0.16620331512069395,0.0425147217714607,-0.36311525210724144,-0.2935610353903551
1.2019999999999784,0.20282829502308863,-0.39826839170386186,-0.16648528339940366,0.042659286836114405,-0.3726119344879747,-0.270369868994256
1.2029999999999783,0.20287102879604207,-0.3986427727125672,-0.16675423529765293,0.042808149331408245,-0.37614857320549544,-0.2675280519092253
1.2039999999999782,0.20291391327138605,-0.3990176391646911,-0.16703072934419566,0.04296069769224875,-0.37358333420440026,-0.28545291130293754
1.204999999999978,0.20295695283490958,-0.39938721064356336,-0.1673345204586163,0.0431183339295205,-0.3655594837612925,-0.32211986166705975
1.205999999999978,0.2030001541828812,-0.399746703871039,-0.16768223802871177,0.043284277687683455,-0.35342797461960535,-0.3733025801335108
1.2069999999999779,0.20304355555578665,-0.4001097597744385,-0.1680317616374204,0.04351834872050124,-0.37268247963574125,-0.32573715208555115
1.2079999999999778,0.20308719466244735,-0.4004900227718421,-0.16834091274491214,0.04375975279623812,-0.3878418778971874,-0.2925586708944138
1.2089999999999776,0.20313107688173482,-0.40088273482602876,-0.16862611501678157,0.044004579813337386,-0.39758057314359657,-0.2778397978238817
1.2099999999999775,0.2031752045680508,-0.4012821610025,-0.16890678027820863,0.044250691853385114,-0.40127041129519303,-0.2834840351038536
1.2109999999999774,0.20321957892314793,-0.4016823232410015,-0.16920302661975511,0.044497923373469195,-0.3990533261322786,-0.30900030101827053
1.2119999999999773,0.20326420194988823,-0.4020777611333148,-0.16953331272467692,0.044748043627138454,-0.39182267198389337,-0.3515608924695881
1.2129999999999772,0.2033091057723203,-0.4024810140590892,-0.16985864092766007,0.045059486460154966,-0.4146810515963483,-0.2990896291042084
1.213999999999977,0.20335425100794075,-0.4028973942664186,-0.17015760718264464,0.04523086932861556,-0.41807774264497677,-0.2988362256600615
1.214999999999977,0.20339956742922513,-0.4033143595128214,-0.17046571044927686,0.0454018633516782,-0.4158516667578398,-0.31736231726311676
1.2159999999999769,0.20344505533554036,-0.40372661572901275,-0.17080069336197884,0.045573846842322976,-0.40866052171575284,-0.3525932358442053
1.2169999999999768,0.20349074467189004,-0.4041466159257634,-0.17112364660064716,0.045804696345854656,-0.4313371786991903,-0.29330843595845835
1.2179999999999767,0.20353659345560915,-0.40457935256039773,-0.17141400080945005,0.045892740062156025,-0.4341338650927854,-0.28739463579091445
1.2189999999999765,0.20358252864371554,-0.40501177098901353,-0.17170871268106608,0.04597751035900015,-0.4307012792589538,-0.30202259150601485
1.2199999999999764,0.2036285476267116,-0.4054379134205097,-0.17202747666858478,0.04606033705746478,-0.421582721132701,-0.3354966435372269
1.2209999999999763,0.2036746500477794,-0.4058527217367724,-0.17238718366172592,0.04614439659156021,-0.4080341852022691,-0.3839054561466142
1.2219999999999762,0.20372086681880397,-0.4062694355338638,-0.17274638155723315,0.046289004200188145,-0.425391163372669,-0.33448400394226413
1.222999999999976,0.20376715829846292,-0.40669430582256105,-0.17308051249849904,0.046293814486411664,-0.4243477872826,-0.3337705501337277
1.223999999999976,0.20381345492833933,-0.40711586750756107,-0.17342154013311523,0.046299310812532184,-0.41877447426269754,-0.34827617023805996
1.2249999999999759,0.20385975820575009,-0.407529874548363,-0.1737838079507398,0.04630711696630384,-0.40923924570384074,-0.37624896380485207
1.2259999999999758,0.20390609917933514,-0.40794965060791494,-0.17412559817965037,0.04637467268752189,-0.43030976898003204,-0.3073273288180054
1.2269999999999757,0.20395243667693824,-0.4083808104275107,-0.17442434736023218,0.046300166159458166,-0.43200719479704364,-0.2901665908608898
1.2279999999999756,0.20399869827593317,-0.40881061759584086,-0.17471601194691305,0.04622288143441774,-0.4276048582895595,-0.29315745532004744
1.2289999999999754,0.20404488161143614,-0.4092330549181127,-0.17502050536360808,0.046143646248298996,-0.4172682214448327,-0.3158225420560067
1.2299999999999753,0.20409098610453769,-0.4096426421304985,-0.17535610873973895,0.0460652062685564,-0.4019056670662238,-0.355374673619098
1.2309999999999752,0.204137041944566,-0.4100518601018225,-0.17568384581485896,0.04604631366017515,-0.4165273777562794,-0.30009526205637
1.2319999999999751,0.20418301186438437,-0.41046631592030025,-0.17598154370006697,0.04589336698859552,-0.4123819483769729,-0.2952955268127447
1.232999999999975,0.2042288290029296,-0.4108738019500788,-0.17628390567218752,0.0457407585078942,-0.40258839660656853,-0.3094221370490553
1.233999999999975,0.2042744947983054,-0.41126897680832414,-0.17660893276384448,0.04559068992289904,-0.38776049856173156,-0.34062351738580204
1.2349999999999748,0.20432001371417738,-0.41164743415297983,-0.17697177493675278,0.04544701111955376,-0.3691545012783043,-0.3850492570417431
1.2359999999999747,0.20436542179130285,-0.4120229918073382,-0.17732952199729363,0.045368978466494334,-0.38195855763348735,-0.33043916230363035
1.2369999999999746,0.20441075507550605,-0.4124093289321032,-0.1776397302546622,0.04529743483746813,-0.3907132194739434,-0.28997282209730685
1.2379999999999745,0.20445601837256555,-0.41280165893440257,-0.17791885368251395,0.04522901172661765,-0.3939443445204233,-0.2682699205389895
1.2389999999999743,0.20450121401180452,-0.4131940739427548,-0.1781868682773375,0.0451621255286057,-0.39088356167917493,-0.2677546550414095
1.2399999999999742,0.20454634375378788,-0.4135802964144542,-0.17846493415167555,0.04509722432423268,-0.38155994174575275,-0.28837091399336817
1.2409999999999741,0.20459141082423377,-0.4139544754003219,-0.17877291876953247,0.04503679219256273,-0.36679760275232687,-0.32758949117697894
1.241999999999974,0.20463642182706893,-0.41431193341082734,-0.1791270732858222,0.04498510188871666,-0.348119273470757,-0.3807071721111537
1.242999999999974,0.20468141526578318,-0.41466647654492717,-0.17948475424215568,0.045001629159801715,-0.3609654107081783,-0.3346478528602067
1.2439999999999738,0.20472643011389352,-0.4150320612946703,-0.17980286089366637,0.04502792873219513,-0.3702023136646831,-0.3015595162413216
1.2449999999999737,0.2047714746258156,-0.41540446198452563,-0.18009628570177943,0.04506096356243328,-0.37459734099129727,-0.2852844060875769
1.2459999999999736,0.2048165548106211,-0.4157785354274923,-0.18038278253225662,0.04509928064209119,-0.37354814567430916,-0.2877029572255457
1.2469999999999735,0.20486167611114275,-0.41614888674751765,-0.18068089446964786,0.04514320193040841,-0.36715372165293675,-0.3085130790788282
1.2479999999999734,0.204906845167423,-0.41651056490308297,-0.18100778927840117,0.045194801084161,-0.35620272981809015,-0.3452662481772968
1.2489999999999732,0.20495209830530728,-0.4168763903609954,-0.18132392376514053,0.04531133726905398,-0.37544591137520883,-0.2869979373511717
1.2499999999999731,0.20499747058311107,-0.4172587591367355,-0.18159105872328304,0.045433089872433996,-0.3892891257767622,-0.24726833692553513
1.250999999999973,0.20504296520035667,-0.41765151271806866,-0.18183008387584784,0.04555602180552694,-0.39621556749967884,-0.2307786198053737
1.251999999999973,0.20508858242282815,-0.4180474123265828,-0.18206523236456598,0.0456783046541859,-0.3955815828602175,-0.23951420711178198
1.2529999999999728,0.20513432189742284,-0.4184390497262584,-0.18232124807709613,0.04580053223288619,-0.3876919748069346,-0.2725109637860442
1.2539999999999727,0.2051801850364138,-0.4188197775021149,-0.18262049251607976,0.045925643896728104,-0.37376358072009924,-0.32596824520837864
1.2549999999999726,0.2052262039796246,-0.41920121924219306,-0.1829270406272819,0.04611211781000385,-0.38911789350826453,-0.28712256260055274
1.2559999999999725,0.20527241107348257,-0.41959522650311665,-0.1832042233320738,0.046301951271002444,-0.3988945953517163,-0.26723784931100075
1.2569999999999724,0.20531880847433884,-0.4199958233300986,-0.1834722231805717,0.04649273655072573,-0.40229730423448107,-0.2687563468199872
1.2579999999999723,0.205365396952196,-0.42039663918690334,-0.18375241523471447,0.04668411072303268,-0.399333284423538,-0.2916206831889409
1.2589999999999721,0.20541217793954167,-0.4207917115612186,-0.18406487068364266,0.046877763607160804,-0.3908113222495609,-0.3332804583738359
1.259999999999972,0.20545918220190273,-0.4211928963476505,-0.18437276080565287,0.04713063705083303,-0.41155580235328876,-0.28249506422638215
1.260999999999972,0.20550636876403774,-0.4216048999452033,-0.18465661781922654,0.0472423614317056,-0.4124495637638379,-0.2852132387148388
1.2619999999999718,0.20555366707342165,-0.4220148196315399,-0.18495315255482658,0.04735413739765656,-0.40738863892121985,-0.30784887791087956
1.2629999999999717,0.20560107816730405,-0.42241711540252497,-0.1852809857877322,0.047467938684565315,-0.3972027113066226,-0.3478075972117845
1.2639999999999716,0.2056486325711166,-0.422824047571027,-0.18560191373438717,0.047640731639581324,-0.4166589814254698,-0.29404374042383086
1.2649999999999715,0.20569628909891755,-0.42324067235235113,-0.18589528364695698,0.04767218571469613,-0.4165885574505407,-0.29269059044414864
1.2659999999999714,0.2057439770166909,-0.4236543464657744,-0.18619692568238136,0.04770351754184994,-0.41075825388781134,-0.3105865552098463
1.2669999999999713,0.20579169711458598,-0.4240596507027791,-0.18652503310354093,0.047736553943254864,-0.39984971746592335,-0.3456189677161793
1.2679999999999712,0.20583946404101344,-0.4244591723551759,-0.18687229400269115,0.04779716760404731,-0.3991926158317669,-0.34889426053532185
1.268999999999971,0.20588729426777921,-0.42485621631362264,-0.18722916303727896,0.04786316057371361,-0.3948948444832568,-0.3648339560905903
1.269999999999971,0.2059351939233419,-0.42524743876878895,-0.18760737998324659,0.047936031972178356,-0.38755029692277065,-0.3915882362619322
1.2709999999999708,0.2059831976835343,-0.4256469154584111,-0.18796305104055172,0.048071335814000846,-0.4114002349518052,-0.31974933446958914
1.2719999999999707,0.20603126706736957,-0.42606095187046217,-0.188271602749598,0.04806728223925951,-0.4166701758645688,-0.29734921938224995
1.2729999999999706,0.20607933246414206,-0.42647745736882436,-0.18856712477236484,0.048063367323074625,-0.416338691436242,-0.2936895592138008
1.2739999999999705,0.20612739395893917,-0.42689077361447275,-0.18886854302436953,0.04805948429521381,-0.41029225505367567,-0.3091403445587752
1.2749999999999704,0.20617545244407684,-0.4272954866288908,-0.18919404015942473,0.04805735587403761,-0.3991331148657011,-0.34184503857127013
1.2759999999999703,0.20622351135976053,-0.42768710736372323,-0.1895589382345423,0.04806035564395236,-0.3841088243023212,-0.38793913715194195
1.2769999999999702,0.20627160459365568,-0.42807925015725007,-0.18992081420879467,0.04812595899158732,-0.40017447561988057,-0.3358070442000226
1.27799999999997,0.20631976567356566,-0.4284854126386917,-0.19023760322091862,0.04819605564623825,-0.41214798977761935,-0.2977662515893993
1.27899999999997,0.20636799726391694,-0.4289007885541026,-0.19052561640882396,0.048266985896662874,-0.41860138907448474,-0.2782556931619215
1.2799999999999698,0.2064162992453182,-0.4293194903177917,-0.1908045255662666,0.0483368426435938,-0.41880002879177136,-0.27955759084276166
1.2809999999999697,0.20646467058275672,-0.4297352852705586,-0.191095073061312,0.048405703664977796,-0.4127884453888733,-0.3015307320171102
1.2819999999999696,0.20651311130929986,-0.43014237214936957,-0.19141665675428202,0.04847562909493842,-0.4013848922249856,-0.34162730020317644
1.2829999999999695,0.20656165075616706,-0.43055269606578545,-0.19173201911142615,0.04860312076409248,-0.4192600886901534,-0.2890934329652321
1.2839999999999694,0.20661031737939292,-0.4309779434273907,-0.19200468635397433,0.04872998883829384,-0.43123166967401805,-0.2562378671605727
1.2849999999999693,0.20665910886119238,-0.4314115836208043,-0.19225627838358927,0.04885284213188007,-0.43604593963771393,-0.2469429103370731
1.2859999999999692,0.20670802061479038,-0.43184627346786136,-0.1925109257597154,0.04897053622990182,-0.43333153438153066,-0.2623473347858957
1.286999999999969,0.20675704809610695,-0.43227476105599294,-0.1927924593745956,0.04908430395239613,-0.423642395949089,-0.3007128747174977
1.287999999999969,0.20680618910433093,-0.4326907783265128,-0.1931216349666493,0.049197600817173545,-0.408392257898824,-0.357627559779211
1.2889999999999688,0.20685547211311633,-0.4331063909462643,-0.19346071159041517,0.04936827957091521,-0.4228307475242289,-0.32051990185107054
1.2899999999999687,0.2069049260807341,-0.43353399152038347,-0.19377089814005427,0.049539523937226326,-0.4323681570113779,-0.29984778208565455
1.2909999999999686,0.20695455037018012,-0.4339682714837976,-0.19406988277232332,0.04970892758863653,-0.43618979341216185,-0.2981156188406023
1.2919999999999685,0.2070043428405232,-0.4344034616778008,-0.1943767568274047,0.0498758904533113,-0.43418919341961426,-0.3156252416437714
1.2929999999999684,0.20705430167304723,-0.43483404623288446,-0.19470979464732116,0.050041658562456334,-0.42697939775720056,-0.350440803233062
1.2939999999999683,0.2071044497713842,-0.4352697218724683,-0.19503866629352573,0.050254401592982154,-0.44436918014803556,-0.3072976470547922
1.2949999999999682,0.20715473806469537,-0.4357130949991737,-0.1953502227422279,0.050322045230852465,-0.44237518616114374,-0.3158089194736352
1.295999999999968,0.2072050928150894,-0.43615181585509166,-0.19567906917452427,0.05038732172702964,-0.43506539703054825,-0.34187570837320025
1.296999999999968,0.20725551288269417,-0.43658105343292686,-0.19604125196070915,0.05045268779668328,-0.4234096467487275,-0.3824788856076616
1.2979999999999678,0.20730602648374744,-0.4370137631981997,-0.19639603036154926,0.05057435924692456,-0.4420068968966221,-0.3270733493351681
1.2989999999999677,0.2073565898359592,-0.43745572666399135,-0.1967201272036853,0.05055218913750773,-0.441917736923741,-0.32111472531984875
1.2999999999999676,0.20740712999799757,-0.4378950343925329,-0.19704675235949418,0.050527984385120676,-0.43669595287559126,-0.3321288156005802
1.3009999999999675,0.20745764561588867,-0.4383267741571659,-0.1973922037130539,0.05050310765894919,-0.42678259973225086,-0.35876513456737963
1.3019999999999674,0.20750813744522217,-0.4387467660384434,-0.19777052251746,0.05048041588880246,-0.41320118616390356,-0.39786103244976645
1.3029999999999673,0.20755863580735523,-0.4391686142236646,-0.19813899059048035,0.05051614086771856,-0.43049216376104377,-0.3390705781753496
1.3039999999999672,0.20760909905805439,-0.4395986948603318,-0.1984725434684203,0.050410194164186156,-0.4296667648003608,-0.3280296816178206
1.304999999999967,0.20765945640958788,-0.4400255844682478,-0.19880296708043035,0.05030434861462038,-0.4241105602561738,-0.3328111520926466
1.305999999999967,0.20770970850509216,-0.44044467146692207,-0.19914573444039577,0.05019968909543026,-0.41406224259881147,-0.352715515336044
1.3069999999999669,0.20775985778999254,-0.4408518643048007,-0.19951474352320614,0.05009873587887431,-0.40032314208903896,-0.385292249616612
1.3079999999999667,0.20780993585714155,-0.4412606201958231,-0.19986788298102506,0.05005722355791155,-0.41718535745989327,-0.3209831622946876
1.3089999999999666,0.20785997313727517,-0.44168384050197396,-0.20016479326396053,0.050017171755189736,-0.42925177314716606,-0.2728350845384114
1.3099999999999665,0.20790996900715783,-0.44211585179410495,-0.20042437923085107,0.04997440962494536,-0.43476738952995253,-0.24633496267252028
1.3109999999999664,0.2079599196932564,-0.44254962896904926,-0.20066977825758833,0.04992680859966691,-0.4327839139628216,-0.24446067485555614
1.3119999999999663,0.20800982046461564,-0.44297765764932556,-0.20092567805823103,0.04987458530088752,-0.4232711621606553,-0.26733477918459797
1.3129999999999662,0.20805966799310777,-0.44339285456467903,-0.20121545420557965,0.049820331619096166,-0.4071215626785147,-0.31221032620594646
1.313999999999966,0.20810946260071617,-0.44378943854789116,-0.201558460808273,0.04976875692645485,-0.38604682664116724,-0.3737915094151383
1.314999999999966,0.20815923609102835,-0.44418014286433355,-0.20191502237100042,0.04977806901043858,-0.3953597744452014,-0.3393255292196223
1.3159999999999659,0.20820902170735311,-0.444578221456229,-0.20224385263865394,0.04979301515830875,-0.40079540121365365,-0.31832924287622694
1.3169999999999658,0.20825882417087976,-0.44497941421653003,-0.2025596177889498,0.0498117690006697,-0.4015883697796029,-0.3131949193814435
1.3179999999999656,0.20830864711857733,-0.44537898988427166,-0.20287846047267719,0.049833989291819,-0.3975617275959318,-0.32448315558702634
1.3189999999999655,0.20835849461768066,-0.44577234477927946,-0.20321613589272447,0.049860878790742656,-0.3891475843747825,-0.35085844969882113
1.3199999999999654,0.20840837264601422,-0.44615558668739774,-0.20358619379640605,0.04989505629956658,-0.3773367131194603,-0.38924551714924155
1.3209999999999653,0.20845831622258987,-0.4465425085530997,-0.20394570790566557,0.04999194237339205,-0.39650445602972656,-0.3297778171675376
1.3219999999999652,0.20850835916906565,-0.4469464950128345,-0.20425300823083586,0.050093804844493516,-0.41146566338714147,-0.28481909190535537
1.322999999999965,0.2085585042571587,-0.4473624965173604,-0.20452522105522453,0.05019623168707437,-0.4205345600229364,-0.25960324035217724
1.323999999999965,0.2086087507702647,-0.44778414422634777,-0.20478356626014116,0.05029665904807126,-0.4227583852147285,-0.25708338325602487
1.3249999999999649,0.20865909649972564,-0.448204538174063,-0.20505090516437796,0.05039466898583001,-0.418027708396097,-0.2775890717846686
1.3259999999999648,0.20870953991477154,-0.44861709678154194,-0.20534909770692336,0.05049203763127409,-0.4070887574531011,-0.31878790266975365
1.3269999999999647,0.2087600822490074,-0.44901636883934926,-0.20569647608160843,0.050592518587852936,-0.3914559838947623,-0.37595693915314815
1.3279999999999645,0.20881075504562366,-0.4494151653328721,-0.20605307992115166,0.050752933453455225,-0.4061349778002081,-0.3372445634950868
1.3289999999999644,0.20886159028293,-0.449826599212801,-0.20637797789949291,0.050917405644440875,-0.41673070201669954,-0.3125457001959832
1.3299999999999643,0.2089125906424223,-0.4502461089217838,-0.2066866574706372,0.05108318245193922,-0.42228682883428387,-0.3048075133576291
1.3309999999999642,0.2089637568484521,-0.45066849091595873,-0.20699657501753901,0.05124910323422578,-0.4224757397465029,-0.31502058865880334
1.331999999999964,0.20901508931219573,-0.4510885468244182,-0.2073251419188047,0.051415703593296475,-0.41763540712181113,-0.34210428313977564
1.332999999999964,0.20906658977903073,-0.4515017287850701,-0.20768771618517323,0.05158511709197328,-0.4087288365343407,-0.3830325959697428
1.3339999999999639,0.2091182884951513,-0.4519211402635297,-0.20804324179174552,0.05181217236477399,-0.43009141391314676,-0.3280137056808809
1.3349999999999638,0.20917014289903052,-0.4523527206466021,-0.2083680617580763,0.05189649174172529,-0.43306734698748156,-0.32162018198528985
1.3359999999999637,0.20922208136145312,-0.45278479822969137,-0.20869474875507343,0.051980294217052886,-0.4310863043695708,-0.3317466667041467
1.3369999999999636,0.20927410378572153,-0.4532125981519827,-0.20903925231886944,0.052064421319180994,-0.4245127684705941,-0.35725142219516853
1.3379999999999634,0.2093262116441362,-0.45363199465624465,-0.20941549437089982,0.052151170027847776,-0.41428041825842704,-0.39522106682256203
1.3389999999999633,0.20937843493035224,-0.45405644086753166,-0.20978122661873883,0.05229524568663962,-0.4346089894110277,-0.33623901010864055
1.3399999999999632,0.2094307307560189,-0.4544921331931435,-0.21011190870466132,0.05229624876794609,-0.4367733427282796,-0.32511970051006805
1.340999999999963,0.20948302715430522,-0.45492754507992256,-0.2104396029679141,0.052296395939662066,-0.4340485568687786,-0.33026245786056324
1.341999999999963,0.20953532361472707,-0.4553578924756696,-0.2107802517001659,0.05229637893547934,-0.4266450555967149,-0.35102694869039014
1.342999999999963,0.20958762105707002,-0.45577889069214744,-0.21114825757421085,0.05229836724059801,-0.41535111012972337,-0.38497434107922723
1.3439999999999628,0.2096399487592344,-0.4562036844337151,-0.21150233751726696,0.05235687000179121,-0.43423298162683954,-0.32318217603494137
1.3449999999999627,0.20969227333340826,-0.4566390516764313,-0.21181686381022988,0.05229211225704772,-0.4364986928370675,-0.30586634782398864
1.3459999999999626,0.20974453225652953,-0.4570739272658124,-0.21212320824604314,0.05222557318405971,-0.4332501039051835,-0.3068176935207182
1.3469999999999624,0.20979672402331445,-0.4575028367661111,-0.212439530102125,0.05215780565914549,-0.42456722665704777,-0.32581953589193574
1.3479999999999623,0.20984884853584024,-0.4579207195146058,-0.21278273330636235,0.05209107271171661,-0.4111975805164889,-0.3605778713101325
1.3489999999999622,0.20990093422106068,-0.4583399347848524,-0.2131140810301748,0.05208012720862321,-0.4272294293895942,-0.30211498431915174
1.3499999999999621,0.20995300861977723,-0.4587724259369174,-0.2133961439790429,0.052068507766395176,-0.43774927730824986,-0.2620091204991104
1.350999999999962,0.21000506930297375,-0.4592119528528818,-0.21364955452537904,0.05205270111091844,-0.4413011582787064,-0.2448101906691596
1.351999999999962,0.2100571114045633,-0.4596512431504382,-0.2138981768541367,0.05203134832308939,-0.43727657573490153,-0.25243167361966407
1.3529999999999618,0.21010912987604488,-0.4600828751897245,-0.21416636001062564,0.05200544652658077,-0.4259855756503511,-0.2839295936750694
1.3539999999999617,0.21016112180570096,-0.4605001790332531,-0.2144761349740842,0.05197827447861472,-0.408621517720409,-0.3356117673640257
1.3549999999999616,0.2102131140274299,-0.4609144155984786,-0.21479228906677345,0.052006011348993804,-0.4198486669284823,-0.29669286571428266
1.3559999999999615,0.2102651340689293,-0.46133708980089344,-0.21507885347703504,0.0520339196967327,-0.42549691418495067,-0.27643254462289374
1.3569999999999613,0.21031718119701429,-0.4617622538852891,-0.2153556385807467,0.052060189038740524,-0.4248288380649975,-0.2771335363790662
1.3579999999999612,0.2103692538546061,-0.46218360964625654,-0.21564355328249382,0.052084984009203854,-0.41788100158602043,-0.29869001300601894
1.3589999999999611,0.2104213516366165,-0.46259528037184716,-0.21596220270205652,0.05211044574302388,-0.40545983140575953,-0.33860019984661227
1.359999999999961,0.2104734771486193,-0.46299253405338125,-0.21632763705667332,0.05214045487587316,-0.3890482330769197,-0.39225625891876814
1.360999999999961,0.21052566296053588,-0.46338871937478854,-0.2166981780118507,0.052231014541547924,-0.40332014199486166,-0.3488199648001426
1.3619999999999608,0.210577941937135,-0.46379735698843144,-0.21703159773385203,0.05232679044368601,-0.4139527262132951,-0.31801443203081564
1.3629999999999607,0.21063031776604865,-0.4642142320839222,-0.2173423126788257,0.05242472421627161,-0.41979524907446375,-0.30341038062582154
1.3639999999999606,0.21068279183039126,-0.4646342773683041,-0.2176473815170038,0.05252326582125717,-0.4202935077549891,-0.30672140971348
1.3649999999999605,0.21073536480277244,-0.46505220129091607,-0.21796454946438396,0.05262254558208164,-0.4155532086075033,-0.32760692824675597
1.3659999999999604,0.21078803831300538,-0.46546314153860496,-0.21831021394553143,0.05272434865139223,-0.4063271020340198,-0.3637119728161692
1.3669999999999602,0.21084084186449725,-0.4658795936173551,-0.21864527111225696,0.05288260294084772,-0.42657390527746525,-0.3063989251622281
1.3679999999999601,0.21089380353222476,-0.4663136217922258,-0.2189319274093661,0.05304058825802069,-0.4414791837307981,-0.26691103079343076
1.36899999999996,0.21094692099282628,-0.4667591389815676,-0.21919031535626823,0.0531941927000963,-0.44955209094898796,-0.24986225701292922
1.36999999999996,0.21100018886383382,-0.4672089809979825,-0.21944389425082733,0.05334141173282403,-0.45012932592449534,-0.25729196590839776
1.3709999999999598,0.21105360091787057,-0.4676557719301562,-0.21971675795509069,0.05348256299829851,-0.4434508063528652,-0.28842970444089744
1.3719999999999597,0.2111071523773894,-0.46809281314435824,-0.22003086922010442,0.053620230857727734,-0.4306311735237077,-0.33978366369203356
1.3729999999999596,0.21116086738427764,-0.46853120104980567,-0.22035131633450822,0.053809638511812606,-0.4461416809783357,-0.301106670294587
1.3739999999999595,0.21121475015082392,-0.46898032533217093,-0.22064711098649858,0.053955751878010244,-0.4521042674970235,-0.29047832625440095
1.3749999999999594,0.21126877668646246,-0.4694323140422246,-0.22094242231142686,0.05409718023290677,-0.45187105507748404,-0.30013889892675844
1.3759999999999593,0.21132294258256484,-0.4698811329176806,-0.22125702504306857,0.0542344777709168,-0.4457654382080072,-0.32905903118651986
1.3769999999999591,0.21137724490248494,-0.4703214258403376,-0.22160856071879623,0.05437003550210766,-0.43482028084212854,-0.37400174450057155
1.377999999999959,0.2114317091975156,-0.4707654555110467,-0.22195834226602787,0.054558402987942,-0.4532359419872773,-0.3255572906117963
1.378999999999959,0.21148628824877688,-0.47121857307291387,-0.22228429705822725,0.05459954458842112,-0.45299694135950724,-0.32634668797961475
1.3799999999999588,0.21154090695238117,-0.47166893629313017,-0.22261931575265975,0.05463771247054167,-0.4477279128193031,-0.3436835548969896
1.3809999999999587,0.2115955631725425,-0.47211183601975254,-0.22297894883657082,0.054674584065556524,-0.4380708476011271,-0.37557315757135334
1.3819999999999586,0.21165028243711767,-0.47255974950606666,-0.22332378740958175,0.05476377680286317,-0.45775225835600586,-0.3141016459572723
1.3829999999999585,0.2117050166032579,-0.47301780386172265,-0.22363242751501694,0.05470438435895822,-0.45835336925417164,-0.30317509510794455
1.3839999999999584,0.21175968890789892,-0.47347353021399485,-0.2239397107099405,0.05464005847964514,-0.45309682461912537,-0.3113866582206254
1.3849999999999583,0.21181429502258778,-0.4739212427971923,-0.2242642555255848,0.05457201055370637,-0.44232669664532215,-0.33769624742938165
1.3859999999999582,0.21186883269178125,-0.4743559325771628,-0.2246226051391335,0.05450317601261219,-0.4270523418758399,-0.3789933148482775
1.386999999999958,0.21192332856569077,-0.4747901346417732,-0.2249752547172104,0.054488394961800746,-0.44134821071765695,-0.3263029792200151
1.387999999999958,0.21197780898178123,-0.4752361954275811,-0.2252832985339115,0.05447226736712528,-0.4507697670801981,-0.2897824109873001
1.3889999999999578,0.2120322710107916,-0.47568858367639516,-0.22556496087734984,0.054451625565394644,-0.45400337557952913,-0.27353991439151754
1.3899999999999577,0.21208670950952369,-0.476140827072077,-0.2258414150930881,0.05442521074028879,-0.4504806008999466,-0.2793651240682567
1.3909999999999576,0.2121411191215983,-0.4765862903570176,-0.22613436248159396,0.054393857611404126,-0.44044403804195076,-0.3065241568189324
1.3919999999999575,0.21219549634197174,-0.47701897270902555,-0.22646355108395477,0.05436043588554816,-0.42491995345094896,-0.35184437560117027
1.3929999999999574,0.21224986664276688,-0.4774504734397086,-0.22679249446818794,0.05437999805881692,-0.43807807083102285,-0.30603964495315655
1.3939999999999573,0.21230425557699945,-0.4778923916600738,-0.22708471014635068,0.054397708588100654,-0.4457550151966391,-0.2783892720260229
1.3949999999999572,0.21235866005683512,-0.4783387462041558,-0.22735991396822613,0.05441109329941588,-0.44695107233652226,-0.27201543933313793
1.395999999999957,0.21241307552260136,-0.47878294655662856,-0.22763972921467296,0.05441968459137148,-0.44144730786691305,-0.2876106422568682
1.396999999999957,0.21246749798943804,-0.4792185863316934,-0.22794521733499623,0.05442510187575205,-0.42983094139687195,-0.3233586154737882
1.3979999999999568,0.21252192605192338,-0.4796402158049653,-0.22829447355555485,0.05443088573450877,-0.41342803090402147,-0.3751432819976636
1.3989999999999567,0.21257638782038066,-0.48006022589669195,-0.22864859634046136,0.05449248884562296,-0.4265892666171354,-0.3330980856817808
1.3999999999999566,0.2126309117899927,-0.4804911783512702,-0.22896814412972963,0.05455529368179001,-0.43531278772481874,-0.30599364729154377
1.4009999999999565,0.21268549786451843,-0.4809281375994069,-0.22926960637467975,0.054616703025604646,-0.4386031321647925,-0.29692663859742563
1.4019999999999564,0.2127401441961753,-0.48136550281584295,-0.22957154135667152,0.05467581215205884,-0.4361252806241657,-0.3069379224008797
1.4029999999999563,0.2127948489326683,-0.48179768742679036,-0.2298924610262663,0.05473351830668985,-0.42824277037687,-0.3348939000351513
1.4039999999999562,0.21284961196843963,-0.48221979665828174,-0.23024872173043054,0.05479241865917656,-0.4159756277198236,-0.3776170403581351
1.404999999999956,0.21290446166168306,-0.4826444258751841,-0.2306007566548876,0.05490680758310768,-0.4332796254929708,-0.3264492372160975
1.405999999999956,0.2129594256929431,-0.48308398922606666,-0.23090954089961413,0.05502110092391174,-0.44584385110359254,-0.29111627698618603
1.4069999999999558,0.21301450218431406,-0.4835330902209511,-0.23119294606958177,0.05513173185140733,-0.45235512308874287,-0.27569096408350524
1.4079999999999557,0.21306968662558398,-0.4839853835356391,-0.2314717827090304,0.05523700388365976,-0.45222899870675415,-0.28197820202949947
1.4089999999999556,0.21312497383770926,-0.48443433690126875,-0.2317674292830855,0.055337278005510124,-0.44567607320020514,-0.3093087730755156
1.4099999999999555,0.21318036000498147,-0.4848740137965144,-0.23209939635283153,0.05543492161688654,-0.4336772372468772,-0.35461608243417764
1.4109999999999554,0.2132358696934233,-0.4853159682233922,-0.23243125673813092,0.05558429974260141,-0.45022828621680283,-0.30910154559789144
1.4119999999999553,0.21329151450226333,-0.4857705414615509,-0.23272948504119265,0.055705165565316316,-0.4589150716532624,-0.28735187950371754
1.4129999999999552,0.21334727730935993,-0.486230629862317,-0.2330163120501128,0.05582029937259926,-0.46125901424977384,-0.2862982522683799
1.413999999999955,0.21340315219759232,-0.48668985982311613,-0.23331252147755993,0.05592933146745117,-0.45719891377532096,-0.3061150406288708
1.414999999999955,0.2134591338744116,-0.48714217834925394,-0.23363788326927942,0.056033882556971164,-0.44743719474808,-0.3446002762265958
1.4159999999999549,0.21351521956053784,-0.4875825760912887,-0.23400890331066007,0.056137359163315116,-0.43335865713269783,-0.39742796646465534
1.4169999999999547,0.2135714356952669,-0.4880238501552272,-0.23438516062467077,0.056294752139585756,-0.4491865957421808,-0.3550818677827327
1.4179999999999546,0.21362780874699727,-0.48847894465983016,-0.23472574140140962,0.05645119795562506,-0.46099951014789997,-0.32607534537551364
1.4189999999999545,0.21368433619603633,-0.4889432967628489,-0.23504567720039865,0.056603550286740065,-0.4677020061171654,-0.3137916918369622
1.4199999999999544,0.21374101316526078,-0.48941155381402884,-0.23536243196505754,0.056750241416383455,-0.4688098853888709,-0.3197122746413379
1.4209999999999543,0.21379783407434327,-0.48987821164577067,-0.23569391580002003,0.056891434046708135,-0.4645043266730813,-0.3432479696064275
1.4219999999999542,0.2138547943463522,-0.49033826904928296,-0.2360564482837581,0.05702897332871437,-0.45561004277052736,-0.3818068918417991
1.422999999999954,0.21391191706710555,-0.49080396186031855,-0.23641118221478882,0.05721630770407309,-0.47577183497584447,-0.3276581092151598
1.423999999999954,0.21396915128945432,-0.4912804397674826,-0.23673641881111118,0.05725197155770522,-0.47718113361070336,-0.32281073621998047
1.4249999999999539,0.2140264178793406,-0.49175561396954426,-0.2370655879966646,0.05728104654810501,-0.4731650479809549,-0.33552190935895204
1.4259999999999537,0.2140837108748454,-0.49222429396089384,-0.23741551964216542,0.05730478804653585,-0.46419359519378367,-0.3643334553372413
1.4269999999999536,0.21414102633977927,-0.49268205301028284,-0.23780067115955492,0.05732599270171225,-0.4513242529575101,-0.40595875563066236
1.4279999999999535,0.21419838881278058,-0.4931418742386938,-0.2381798218505828,0.05739877665370548,-0.4683144301133075,-0.35233961506933603
1.4289999999999534,0.21425574932043454,-0.4936097661546368,-0.2385285804110813,0.057322059180360346,-0.4674665628242182,-0.34517292738189115
1.4299999999999533,0.21431303108660507,-0.49407452642979327,-0.23887763033432133,0.05724129827996691,-0.46205170317770144,-0.3529211744288272
1.4309999999999532,0.2143702306738823,-0.494531751832566,-0.23924139340059208,0.05715770698693713,-0.45239758504579336,-0.37459736815490025
1.431999999999953,0.21442734651942416,-0.4949776203308111,-0.2396325152304129,0.057073821785936035,-0.4393388273652841,-0.4076362840600203
1.432999999999953,0.2144844051544467,-0.4954254498705352,-0.24000882767926332,0.05704325824807449,-0.45631603238142027,-0.34498684693819387
1.4339999999999529,0.21454135910030606,-0.4958813071750891,-0.24034587979022698,0.05686444256308652,-0.45539524482288196,-0.32911427384010894
1.4349999999999528,0.21459813269363356,-0.49633378417151613,-0.2406751478112745,0.056682558564903784,-0.4495559209989289,-0.32941775205328255
1.4359999999999526,0.21465472331838775,-0.49677800884073686,-0.24101269303899023,0.05649851155277009,-0.43889133235960154,-0.34566702256392684
1.4369999999999525,0.2147111300181617,-0.4972094921625918,-0.24137344429878932,0.05631471631826153,-0.4240741829898123,-0.37582743828605003
1.4379999999999524,0.214767379896121,-0.49764075037598804,-0.24171795962595716,0.056184845738105636,-0.4384378463185522,-0.31320259007001144
1.4389999999999523,0.2148234991919221,-0.4980837696839332,-0.24200848810881034,0.05605356061604798,-0.4475964038886951,-0.26785438820371027
1.4399999999999522,0.21487948471211565,-0.4985325551082772,-0.24226479058360814,0.05591729993424448,-0.44997034834685656,-0.24475052936863345
1.440999999999952,0.21493533074473825,-0.49897993635699395,-0.2425103373693375,0.05577458926038267,-0.444788616138604,-0.24634206304765724
1.441999999999952,0.2149910312706454,-0.4994184208788098,-0.24276965273154008,0.05562629157387106,-0.432177827472182,-0.2722855757220848
1.4429999999999519,0.2150465822930329,-0.4998410852059712,-0.2430655399788786,0.05547559114563408,-0.41314955634496636,-0.31948245874966597
1.4439999999999518,0.21510198401372294,-0.5002424031010455,-0.24341650269281034,0.05532770163905517,-0.38948661063885237,-0.38243206818402814
1.4449999999999517,0.21515726757939158,-0.500634973639691,-0.2437831729219693,0.055239256667245266,-0.39565195848493445,-0.3509037363256923
1.4459999999999515,0.21521246610967087,-0.5010320095934706,-0.24412430102026272,0.05515763664807741,-0.39841758357765716,-0.33134784049935484
1.4469999999999514,0.2152675857560704,-0.5014297797503052,-0.24445290863937622,0.055081494341709086,-0.3971207100677215,-0.3258622131543185
1.4479999999999513,0.21532263197125143,-0.5018241440155677,-0.2447833237558133,0.05501077987174809,-0.39160635661015997,-0.3349616183878826
1.4489999999999512,0.21537761083218043,-0.5022110703693395,-0.24512956896252583,0.054946792413151715,-0.38224564465872607,-0.3575205271912044
1.449999999999951,0.21543253033520474,-0.5025871401967973,-0.24550378561029337,0.05489207180533252,-0.3698942170119144,-0.390902097011454
1.450999999999951,0.21548742641943755,-0.5029660190818102,-0.24586345766749274,0.05489992598889068,-0.387860276894889,-0.3284393733535699
1.4519999999999509,0.21554233377380613,-0.5033608563157455,-0.2461676822910781,0.05491462081712982,-0.40181081486532183,-0.28000806508747494
1.4529999999999508,0.21559725703499555,-0.5037667666336547,-0.2464332046703767,0.05493174567740892,-0.4100065681027209,-0.25103510077928715
1.4539999999999507,0.2156521973271516,-0.5041774769893285,-0.24668110187519549,0.05494868669556975,-0.41141127321953236,-0.24475715899455983
1.4549999999999506,0.21570715421869446,-0.504586088355096,-0.24693440964164515,0.05496494848012372,-0.40580929836109453,-0.261854661275878
1.4559999999999504,0.21576212788146648,-0.5049859087396926,-0.24721552751819423,0.054982235740400474,-0.3938303930467219,-0.3003746526835903
1.4569999999999503,0.21581712120301988,-0.5053712629408639,-0.24754369617532607,0.05500427647540717,-0.37687834980877966,-0.3559524103890145
1.4579999999999502,0.21587216649746008,-0.5057541989670845,-0.24788148511305616,0.05508615947374002,-0.38899125019583375,-0.3196212602910416
1.4589999999999501,0.21592729682670636,-0.5061470970953375,-0.24819041480228252,0.05517435131958957,-0.3968026699984592,-0.29823398247500726
1.45999999999995,0.2159825174097329,-0.5065452621206159,-0.24848665022732383,0.055266671384243383,-0.39952539337454196,-0.294232118862849
1.46099999999995,0.21603783208930108,-0.5069435248849503,-0.24878782155666485,0.05536254896304594,-0.39699875670492696,-0.30810438788237693
1.4619999999999498,0.21609324496937402,-0.5073368776318288,-0.24911104387424865,0.05546307839290693,-0.38970623108096436,-0.3383318619269177
1.4629999999999497,0.21614876200985003,-0.5077210903866776,-0.2494709957497992,0.055570877742483676,-0.37871986043944406,-0.3815605567592323
1.4639999999999496,0.21620441723836448,-0.5081092286489267,-0.24982699035414768,0.05573942737971206,-0.39755391505209403,-0.330424773388431
1.4649999999999495,0.21626024380193432,-0.5085141675992725,-0.25013889623446744,0.05591355408139439,-0.4123211750687572,-0.29338367919050606
1.4659999999999493,0.2163162452909561,-0.5089311498077415,-0.25042294305159696,0.05608928255908803,-0.421640601964674,-0.27470657513168495
1.4669999999999492,0.21637242217142932,-0.5093543677915121,-0.25069859857291177,0.05626434014274533,-0.4247931644979382,-0.2766002296734967
1.4679999999999491,0.21642877359893611,-0.5097776660601391,-0.25098638158264935,0.056438380479946454,-0.4218019224255438,-0.298959747762353
1.468999999999949,0.21648529934667715,-0.5101952813105698,-0.2513055560757787,0.056612986841843294,-0.4134281969079491,-0.33938039744003956
1.469999999999949,0.21654200162349097,-0.5106025369230102,-0.25167196744577364,0.0567914477133901,-0.4010839612644135,-0.3934298850810602
1.4709999999999488,0.2165989113858745,-0.5110123782458637,-0.2520450555169393,0.05702793057826799,-0.4185962606960878,-0.3527411277119854
1.4719999999999487,0.21665605943368718,-0.5114379183186423,-0.25238368116214616,0.05726802309223327,-0.4324814327919254,-0.324505408395388
1.4729999999999486,0.21671344766923512,-0.5118749869671347,-0.2527019638235855,0.0575083094569166,-0.4416536113424339,-0.3120549109444662
1.4739999999999485,0.2167710753145185,-0.512318612508033,-0.2530164693389961,0.05774684549214846,-0.44559566485763386,-0.31695014746067607
1.4749999999999484,0.21682894046211973,-0.5127636187375496,-0.25334435037181885,0.05798331773937879,-0.44441569906333245,-0.3388041797855302
1.4759999999999482,0.2168870416920391,-0.5132052431139926,-0.25370142086399106,0.0582190154702806,-0.43883291121541657,-0.375326532192984
1.4769999999999481,0.21694540436655496,-0.5136556488102458,-0.2540492388380482,0.05850618451111302,-0.46197490446306033,-0.3203066591129672
1.477999999999948,0.2170039785238315,-0.514119887535746,-0.2543665538907956,0.058641975878780776,-0.4664998868558515,-0.3143191234507043
1.478999999999948,0.2170626858202504,-0.5145859081050868,-0.25468682728951925,0.05877246581344581,-0.4655391957860194,-0.32622200312345734
1.4799999999999478,0.21712152133269474,-0.5150484236571304,-0.2550273189400527,0.058898412297757295,-0.45949072083950954,-0.35475345367816574
1.4809999999999477,0.21718048168819157,-0.5155028448638032,-0.2554030937360286,0.05902215835264883,-0.4493515928686924,-0.39678539363512405
1.4819999999999476,0.21723959128547587,-0.5159617453446471,-0.2557742467893083,0.05919687114475802,-0.46844566918076846,-0.34551786347638824
1.4829999999999475,0.21729879997341553,-0.51643079821853,-0.25611743466484943,0.05922033533195848,-0.46965737721061224,-0.3408532793464205
1.4839999999999474,0.21735802989682634,-0.516898724421709,-0.2564635878156871,0.05923934575863485,-0.4661929197002061,-0.35144710708382854
1.4849999999999473,0.21741727713388603,-0.5173610421152984,-0.256827362266431,0.05925496739179469,-0.4584411627136833,-0.37609389435874835
1.4859999999999471,0.21747653949575002,-0.5178139110911838,-0.2572214212608564,0.05926960158216176,-0.44729645014486424,-0.4120136512868156
1.486999999999947,0.21753584248821467,-0.5182704898665752,-0.25760399423561386,0.05933620188623828,-0.4658569115246687,-0.3531304684514611
1.487999999999947,0.21759513675623893,-0.5187368338000536,-0.2579505301746468,0.05925214995207107,-0.466827731932946,-0.3399380006873218
1.4889999999999468,0.217654344927456,-0.519201816088714,-0.25829149985245403,0.05916401242198196,-0.46313413219084465,-0.3419969593645035
1.4899999999999467,0.21771346325440585,-0.5196608320175939,-0.25864198563695306,0.05907246630212129,-0.4548957417373043,-0.35896854006963363
1.4909999999999466,0.21777248937416283,-0.5201096644232391,-0.2590158965300143,0.05897960432549913,-0.44276800596401644,-0.3888448656815389
1.4919999999999465,0.217831448370078,-0.5205608647797587,-0.2593734493430851,0.058938196427143895,-0.4596280326709029,-0.3262605015873846
1.4929999999999464,0.2178903640789964,-0.5210264211182101,-0.2596766303967078,0.05889303767244144,-0.4714800163438056,-0.2801018916223187
1.4939999999999463,0.21794922489848675,-0.5214999849738238,-0.2599456653481528,0.058828420804488836,-0.47564341191407283,-0.2579680655328079
1.4949999999999461,0.21800801638095596,-0.5219740199486173,-0.2602045086652613,0.05875436618197546,-0.472422843890312,-0.2597176004022512
1.495999999999946,0.21806672937844787,-0.5224411941141315,-0.26047689731987744,0.05867145458384514,-0.46192273438224146,-0.2850566245665873
1.496999999999946,0.2181253564528188,-0.5228947039584028,-0.2607849541390889,0.058582527250887646,-0.4450955177148625,-0.3310506145035944
1.4979999999999458,0.21818389602585586,-0.5233303661206385,-0.2611425503824208,0.05849646082702119,-0.426228597046339,-0.3841320619454321
1.4989999999999457,0.21824237644269956,-0.5237616734600835,-0.26150703133987174,0.058464193056162,-0.43638262371128955,-0.34482709805063566
1.4999999999999456,0.2183008249174153,-0.5242010877511657,-0.26183908693392394,0.058432581660102796,-0.44244264427075986,-0.3192814254040756
1.5009999999999455,0.21835924104064466,-0.5246440707838077,-0.26215387038099625,0.05839949424766812,-0.44352047422009105,-0.3102822555512052
1.5019999999999454,0.21841762304701434,-0.5250854924740027,-0.26246839894509943,0.05836435209577152,-0.4393205696102027,-0.3187703755144499
1.5029999999999453,0.21847596941735026,-0.5255202402619258,-0.2627996552326187,0.05832822754567229,-0.43017353020066296,-0.3437356269073931
1.5039999999999452,0.21853428048373386,-0.5259438268521704,-0.2631626933413973,0.05829375150272135,-0.41699924881150857,-0.3823312260511783
1.504999999999945,0.21859258460787775,-0.5263687621002296,-0.26351814073142155,0.05831432036858299,-0.4328673760461768,-0.32856192380408283
1.505999999999945,0.2186509094854984,-0.5268072860408682,-0.26382746382030303,0.05833526469377215,-0.444176687977291,-0.2900830260556243
1.5069999999999448,0.21870925371917768,-0.527254156365612,-0.26410808616898857,0.05835303651304635,-0.4495604281500391,-0.2711602086093991
1.5079999999999447,0.21876761328031746,-0.5277031139063393,-0.2643806070540978,0.05836592257180192,-0.4483516727907253,-0.27387906519490574
1.5089999999999446,0.21882598345003826,-0.5281476198658925,-0.2646665049110851,0.05837425765194938,-0.4406581371242889,-0.2979121360845272
1.5099999999999445,0.21888436085828353,-0.5285816244990557,-0.26498574269936626,0.05838040644188532,-0.42735021745166685,-0.3405558718148577
1.5109999999999444,0.21894277016901723,-0.5290160943745111,-0.26530378353400513,0.05843804705738457,-0.4415856791985859,-0.2955245612330152
1.5119999999999443,0.219001235853931,-0.529461943142409,-0.26558624452933544,0.058493159276475526,-0.4501082021666778,-0.26939618918925545
1.5129999999999442,0.21905975411704082,-0.5299129895487718,-0.2658534868576755,0.05854320616945274,-0.45198141156175997,-0.26508648126884254
1.513999999999944,0.21911831965563044,-0.5303625060297462,-0.26612757236534623,0.05858771323498231,-0.44704911964616517,-0.2830808510982102
1.514999999999944,0.21917692775386044,-0.5308040075931583,-0.2664298061137027,0.05862833092699209,-0.43595269005831644,-0.32138018382409034
1.5159999999999438,0.21923557631698304,-0.5312320133487055,-0.26677836379310654,0.05866865205290237,-0.42005891684951446,-0.3757249505365247
1.5169999999999437,0.2192942924090962,-0.5316584873190574,-0.26713557301757085,0.058763367939818664,-0.4328859062305533,-0.33869018434377857
1.5179999999999436,0.21935310366755717,-0.5320956772953868,-0.267462855358375,0.058858988945805824,-0.44149107269277743,-0.315871194020211
1.5189999999999435,0.21941200980528813,-0.5325389452051965,-0.2677757168682981,0.05895312976415121,-0.44504214379169876,-0.30984789073575203
1.5199999999999434,0.219471008939864,-0.5329831202489398,-0.26809131012572085,0.05904498600008921,-0.4433059587319913,-0.32133331568883894
1.5209999999999433,0.21953009921303643,-0.5334231106920473,-0.2684265278171897,0.05913541161537715,-0.4366738128894401,-0.34909459587763586
1.5219999999999432,0.21958928039285963,-0.5338545060551984,-0.2687961259890393,0.05922680590816776,-0.4261168779433066,-0.3900914173538857
1.522999999999943,0.21964858006474008,-0.5342898707148704,-0.26916045991522847,0.059372372244987974,-0.44460878142834387,-0.3385741036539305
1.523999999999943,0.21970802486831525,-0.5347415382456482,-0.2694805687086737,0.059517074443406814,-0.458722646988122,-0.3016415338708972
1.5249999999999428,0.2197676119890552,-0.5352044555738731,-0.2697731278920034,0.05965700965657934,-0.4671086360583474,-0.2834746390540182
1.5259999999999427,0.21982733559482825,-0.5356725545220361,-0.27005795130225163,0.05979004652392171,-0.46908641282263114,-0.2861689728246958
1.5269999999999426,0.21988718871460702,-0.5361394587800623,-0.27035578904614277,0.05991604052939632,-0.46472009088747623,-0.30950135418309876
1.5279999999999425,0.21994716522173213,-0.5365992243283726,-0.2706860212122332,0.060036826646836496,-0.45481014148009147,-0.35095487707340606
1.5289999999999424,0.22000728652220217,-0.5370627772432196,-0.2710139426204354,0.06020561145925703,-0.4722916563701461,-0.30488659292010717
1.5299999999999423,0.22006749894526204,-0.5375342830660428,-0.27132096579840476,0.060219064614373874,-0.47071708017923963,-0.3091564102900798
1.5309999999999422,0.2201277217429522,-0.5380013958928709,-0.27164143299425025,0.06022636458010679,-0.4635065122309343,-0.3317726510685808
1.531999999999942,0.2201879498758322,-0.5384588869723276,-0.2719924253602061,0.06022974106759572,-0.4514746901002968,-0.37020393745910596
1.532999999999942,0.22024820613182833,-0.5389183548128708,-0.2723370997259754,0.06028259267230329,-0.4674566238999143,-0.31914408426746615
1.5339999999999419,0.22030845913542738,-0.5393864012655243,-0.2726506429750497,0.060223233575346986,-0.4686327478305979,-0.3079403939689535
1.5349999999999417,0.22036864981730742,-0.5398528009358609,-0.27296218157705743,0.06015795275335473,-0.46416369917676975,-0.31513349269740804
1.5359999999999416,0.22042877278017714,-0.5403120541938239,-0.2732896721819691,0.060087800340063065,-0.4543408250114975,-0.33984227601559047
1.5369999999999415,0.22048882451653143,-0.5407592642893914,-0.2736492196040932,0.06001550673085258,-0.44007850906112816,-0.37924422673813046
1.5379999999999414,0.2205488298025091,-0.5412064211321487,-0.2740028354329103,0.05999488005291709,-0.4542308280817361,-0.3279867746295929
1.5389999999999413,0.22060881304862676,-0.5416653176438727,-0.2743131520143942,0.059971432474374926,-0.46355798824074573,-0.29264593533869504
1.5399999999999412,0.2206687698747239,-0.5421305130277393,-0.2745980135493065,0.05994204345384402,-0.46682894336561376,-0.2770762456005303
1.540999999999941,0.22072869371786327,-0.5425956869437506,-0.2748780238039091,0.05990546931622352,-0.46351569270419823,-0.282942134199647
1.541999999999941,0.22078857779577146,-0.5430543721290655,-0.27517426381127547,0.059862517126146195,-0.4538524345224433,-0.3095335376764432
1.5429999999999409,0.22084841712941394,-0.5435007038041434,-0.27550595703733616,0.059815987903717394,-0.43880993181501865,-0.35384536282252077
1.5439999999999408,0.22090823528231623,-0.5439457920954728,-0.27583794890815805,0.059820140015474255,-0.451362534525559,-0.3101375657256394
1.5449999999999406,0.22096805595417865,-0.5444007634411032,-0.2761350347864578,0.05982103020932257,-0.45857627481635566,-0.28403329846319575
1.5459999999999405,0.22102787470623142,-0.5448598233500889,-0.2764162438153981,0.05981630328236999,-0.4595401371879898,-0.27838309201176936
1.5469999999999404,0.2210876857174337,-0.5453166293354306,-0.2767023246294576,0.059805551610845706,-0.4540691901860844,-0.2937752214517601
1.5479999999999403,0.2211474837670465,-0.5457650273899971,-0.2770134506242621,0.05979038533556609,-0.442725350611831,-0.3284708203703658
1.5489999999999402,0.22120726617281608,-0.5461997676780271,-0.27736698962232403,0.05977427227763245,-0.42675500170022695,-0.37859769649546166
1.54999999999994,0.221267059376327,-0.5466327870471508,-0.2777252596054893,0.059811960963275554,-0.43928013644368136,-0.3379401055749871
1.55099999999994,0.2213268902321944,-0.547076182785706,-0.27805006982616315,0.059849581391981356,-0.44750790410706237,-0.3116781905191572
1.5519999999999399,0.2213867574149265,-0.5475251930895917,-0.278357263997301,0.05988461797812707,-0.4505096537344283,-0.30270739887270937
1.5529999999999398,0.22144665790271512,-0.5479744336626319,-0.2786646271237006,0.05991619470856796,-0.4479690761113078,-0.3120147548511516
1.5539999999999397,0.22150658866932094,-0.548418527490424,-0.27898992270218587,0.059945180103277956,-0.4402170577976009,-0.33857014057845497
1.5549999999999395,0.22156654838236475,-0.5488527335387039,-0.2793489330137999,0.05997409422877794,-0.42819463964165233,-0.3794413030839828
1.5559999999999394,0.22162656384154666,-0.5492891481883708,-0.27970346368606136,0.06005665210369203,-0.44463071131954296,-0.3296186543578811
1.5569999999999393,0.22168666120937877,-0.5497396869338571,-0.28001586400157197,0.06013791639821334,-0.4564429432368372,-0.295180786960561
1.5579999999999392,0.2217468374620578,-0.550199110522664,-0.28030343209157843,0.06021442472397138,-0.4624007371912592,-0.2799537803088624
1.558999999999939,0.22180708702563304,-0.5506612890435827,-0.2805862329432524,0.06028454037913109,-0.4619534107891108,-0.2856451119260961
1.559999999999939,0.22186740369084684,-0.5511199121079671,-0.2808848854916035,0.06034863138266464,-0.45529073272983384,-0.31165503815899454
1.5609999999999389,0.22192778259529194,-0.551569218574322,-0.28121828867430493,0.06040902496894845,-0.44332142392822654,-0.355143282214321
1.5619999999999388,0.22198824701741376,-0.5520202863712067,-0.2815513480606107,0.06051965101753449,-0.458810156266586,-0.31097437577282816
1.5629999999999387,0.22204881988805159,-0.552484149487361,-0.28184907866333175,0.0606259256316406,-0.46891227508904326,-0.28448564340866717
1.5639999999999386,0.22210949544602876,-0.5529549425242322,-0.2821306448809555,0.060725027666565526,-0.47267045347995773,-0.2786448502490582
1.5649999999999384,0.2221702660969157,-0.5534262079123612,-0.2824170412184556,0.06081611350265779,-0.46985772397284253,-0.2941442597436631
1.5659999999999383,0.22223112443170542,-0.5538916385246611,-0.28272877855041695,0.060900399604920996,-0.46100196835202933,-0.3293242192945769
1.5669999999999382,0.22229206521204087,-0.5543458029681608,-0.28308362408330234,0.060981011921768746,-0.44732673363892905,-0.38035711821466195
1.567999999999938,0.2223531121061396,-0.5548003719100969,-0.2834445224682338,0.06111260827739251,-0.4618075000137548,-0.3414373301900922
1.568999999999938,0.2224142889468822,-0.5552671887200807,-0.2837738456628774,0.061240908528097805,-0.47182264454620076,-0.3172066831933937
1.569999999999938,0.22247559108953494,-0.5557413452933694,-0.2840876507011789,0.06136321431156305,-0.47648743015793044,-0.31040033149452906
1.5709999999999378,0.22253701202635398,-0.5562173565588561,-0.2844037708854746,0.06147849907587502,-0.4755326842181759,-0.32183554658116814
1.5719999999999377,0.22259854510345356,-0.5566897904321582,-0.2847398530187713,0.06158749846455542,-0.46933356224111733,-0.3503219894332221
1.5729999999999376,0.22266018522931688,-0.557153890910316,-0.28511141577115906,0.061692602390246466,-0.45886703114686755,-0.39279381060920027
1.5739999999999374,0.2227219554212354,-0.5576216995995824,-0.28548009373789274,0.06184761026354608,-0.4767462093666015,-0.34456060783201414
1.5749999999999373,0.22278380279649074,-0.5580985319138039,-0.28582352398347005,0.06184696311982732,-0.4769154331841472,-0.3422962819872697
1.5759999999999372,0.22284564677637667,-0.5585732213827694,-0.2861722090749245,0.061840822770379104,-0.472461190207981,-0.3550688052618807
1.5769999999999371,0.22290748253502232,-0.5590413754856696,-0.28654047061945614,0.06183052508845216,-0.4638455677128157,-0.3814470615502685
1.577999999999937,0.2229693322963802,-0.5595148604655193,-0.2868904531485642,0.0618688106288796,-0.4831191476710039,-0.31851916747419406
1.578999999999937,0.22303114130701202,-0.5599983209530278,-0.28720187815306863,0.06174901768748348,-0.4837976722164928,-0.304330305932709
1.5799999999999368,0.22309282629652333,-0.5604795112643484,-0.28750864020913114,0.06162077157332242,-0.47857946518397226,-0.3091919755740731
1.5809999999999367,0.22315437933769924,-0.5609526475183981,-0.2878294589529871,0.06148512543206294,-0.4676904924861944,-0.3324415502393883
1.5819999999999366,0.2232157944503293,-0.5614124956735066,-0.2881813820480092,0.06134492129519321,-0.45200444845050586,-0.3713977247708126
1.5829999999999365,0.22327709435228196,-0.5618705087929515,-0.2885279748081948,0.06125468826140105,-0.4640169431758072,-0.321788467760331
1.5839999999999363,0.22333830170501703,-0.5623379874024834,-0.2888333007639253,0.06115982790767914,-0.470935672654388,-0.2888640988146193
1.5849999999999362,0.22339941054642798,-0.562809282439461,-0.2891157936299123,0.061057668812601204,-0.47165026566194884,-0.27612164203458417
1.5859999999999361,0.22346041321257426,-0.5632779895246948,-0.2893962777363893,0.060947480254383284,-0.4657605024285072,-0.2848451287453664
1.586999999999936,0.22352130234724205,-0.5637376816261143,-0.28969568476264956,0.06083061045737004,-0.453621337635887,-0.31396506295289606
1.587999999999936,0.22358207293411042,-0.564182645182419,-0.2900327593288227,0.06071039240678867,-0.4363047436390929,-0.36017682527790773
1.5889999999999358,0.22364274926772462,-0.5646240533173695,-0.2903721330357273,0.06064208914141894,-0.44650724248412915,-0.318570345027321
1.5899999999999357,0.22370335623316825,-0.5650731873057954,-0.29067811753974876,0.06057166055930451,-0.4517567348455702,-0.2933982207553309
1.5909999999999356,0.22376389068768401,-0.5655246709405406,-0.2909684807021949,0.06049707060161271,-0.451207043488948,-0.2873268171639391
1.5919999999999355,0.22382434836833356,-0.5659726169342806,-0.29126261209106746,0.06041811639721877,-0.4446822201961628,-0.30093303594283616
1.5929999999999354,0.22388472575848686,-0.5664113071605954,-0.2915794021791335,0.06033649503320387,-0.43269655334864676,-0.33264169247145375
1.5939999999999352,0.2239450219141163,-0.5668358549048836,-0.29193517720435863,0.06025565545292089,-0.4163985367006885,-0.37889958706092447
1.5949999999999351,0.22400526521996655,-0.5672582675268519,-0.2922921134021222,0.0602307766790683,-0.42842279522670523,-0.3349717312330772
1.595999999999935,0.22406548436441864,-0.5676906051849526,-0.2926122283420489,0.06020733750184456,-0.43624879604660377,-0.3052570742585754
1.596999999999935,0.22412567946015857,-0.5681281594676646,-0.29291133373619865,0.06018268283665832,-0.4388564428375169,-0.29295205367837834
1.5979999999999348,0.2241858487945705,-0.5685655064694877,-0.29320748782216544,0.060155818147517665,-0.4358348692150432,-0.29935316524014355
1.5989999999999347,0.22424599055811778,-0.5689971386828536,-0.29351902471559305,0.060127545566089485,-0.4274277607118085,-0.3237155630153424
1.5999999999999346,0.22430610460851552,-0.5694181062739693,-0.29386255425507757,0.06010039850742073,-0.41450676060197433,-0.36333555839179943
1.6009999999999345,0.2243662192793409,-0.569840065148583,-0.2942014181170578,0.06012876945522583,-0.4294068932934574,-0.31439173728621167
1.6019999999999344,0.224426362447016,-0.5702745029312185,-0.2944994756113272,0.060157397011671,-0.43946477024187136,-0.28172283566075434
1.6029999999999343,0.22448653279510628,-0.5707160077283768,-0.29477477925291906,0.060183133223622204,-0.4435413322514041,-0.26888344398904734
1.6039999999999341,0.22454672680715926,-0.5711583751888193,-0.2950478553678785,0.06020472739998023,-0.44119076661732015,-0.2772664205200046
1.604999999999934,0.22460694073875306,-0.5715953261577149,-0.2953394662459212,0.06022297625521338,-0.4327093232059784,-0.3059506651098542
1.605999999999934,0.2246671726258198,-0.5720212324677864,-0.29566834672444314,0.06024064521394595,-0.41910271899143814,-0.35180235954705064
1.6069999999999338,0.22472744935973787,-0.5724472169270136,-0.2959994955068111,0.06031265498044575,-0.4328623891178117,-0.310494211719705
1.6079999999999337,0.2247877978700041,-0.5728844615409803,-0.2962977080233616,0.06038420167867124,-0.4416232783543572,-0.28592963609969735
1.6089999999999336,0.22484821641846997,-0.5733275325078578,-0.2965810799066002,0.06045273384872092,-0.444515570509549,-0.28081211504863424
1.6099999999999335,0.2249087016489661,-0.5737704656801249,-0.2968693516662699,0.06051756839079592,-0.44134843058006623,-0.29572776096558
1.6109999999999334,0.2249692504906755,-0.5742074557709869,-0.297181759379759,0.06057996077481644,-0.43263043787352,-0.32908149124846625
1.6119999999999333,0.22502986202292288,-0.5746335276426948,-0.2975349409534775,0.06064295669915363,-0.4195132709845909,-0.37727212513143193
1.6129999999999332,0.22509056438552555,-0.5750605384502578,-0.29789152868647845,0.06076160289347455,-0.4345047559067454,-0.3359015045468493
1.613999999999933,0.22515138566980059,-0.5755004268597207,-0.29821386892185614,0.06088080375603683,-0.4452686457000981,-0.30877708450530267
1.614999999999933,0.22521232493714702,-0.5759484780629925,-0.2985177164188553,0.060997571533995563,-0.45083072959796866,-0.2989153954302738
1.6159999999999328,0.22527337908984574,-0.5763993039675088,-0.2988209040422349,0.0611105767396465,-0.4508186741986901,-0.3074560032024238
1.6169999999999327,0.22533454459058633,-0.576847464959769,-0.29914140378305043,0.06122027106486785,-0.445501790131622,-0.3335374990938651
1.6179999999999326,0.22539581920596327,-0.5772880963460325,-0.2994953730254103,0.06132881159277562,-0.43576058088805425,-0.37439211286622376
1.6189999999999325,0.2254572289130333,-0.5777328691030221,-0.29984587288279946,0.06149043694029996,-0.45378088230439945,-0.32660663784310695
1.6199999999999324,0.2255187988085936,-0.578193281490537,-0.30015645998816604,0.06164919220997986,-0.46704000828023906,-0.2945666182026043
1.6209999999999323,0.2255805242120566,-0.5786639939369461,-0.30044466799662006,0.061801454511917486,-0.47438138877262825,-0.2818478611803146
1.6219999999999322,0.22564239775436384,-0.5791388471779448,-0.3007305562648223,0.061945471087382784,-0.4753222464433844,-0.2899258036303067
1.622999999999932,0.2257044113279645,-0.5796115618365894,-0.30103452909509826,0.06208151960510872,-0.4701051730452285,-0.3180147390881235
1.623999999999932,0.22576655808552104,-0.5800764500051024,-0.30137511743657525,0.06221184427112768,-0.45967050521790204,-0.36315365134562844
1.6249999999999318,0.2258288596668035,-0.580544436013759,-0.301717507664718,0.06239115261169816,-0.476297380866651,-0.3216258577898871
1.6259999999999317,0.22589126126275716,-0.581019933966577,-0.3020421977499449,0.06241186588071091,-0.47469565980212647,-0.3277510073985519
1.6269999999999316,0.22595368058894771,-0.5814913395222231,-0.3023811288575793,0.06242661644086747,-0.4681134369896816,-0.3501059110794503
1.6279999999999315,0.22601611276483924,-0.5819540620300249,-0.3027493158673184,0.062437570455292496,-0.45733061629403593,-0.3862601474191599
1.6289999999999314,0.2260785811837538,-0.5824198882047185,-0.303109189016907,0.062499085246148195,-0.4743169111173763,-0.33348660947020053
1.6299999999999313,0.22614103219299686,-0.5828937870478934,-0.30343947813104505,0.062402745089177515,-0.4734771569711957,-0.32708998064448697
1.6309999999999312,0.22620338394664308,-0.583364353805176,-0.30377149739989007,0.062300577423621696,-0.46765344531447295,-0.3369454311848453
1.631999999999931,0.22626563132348665,-0.5838267967051898,-0.3041209157078898,0.06219399612129627,-0.45723035960243635,-0.3618858901008213
1.632999999999931,0.22632777135556365,-0.5842769705036492,-0.304501417819865,0.06208589431678881,-0.4431163257699892,-0.39911028287074424
1.6339999999999308,0.22638983002761934,-0.5847271867723619,-0.30487388264126325,0.062031257115560984,-0.4573113178593016,-0.3458201111413537
1.6349999999999307,0.22645183282915116,-0.5851894966860475,-0.3052000119814894,0.06197415846315348,-0.4673037903793963,-0.30643943743288826
1.6359999999999306,0.22651377554715107,-0.5856590302684099,-0.3054958091887822,0.061911093366998265,-0.4717590386985023,-0.28515541278811374
1.6369999999999305,0.22657565134120367,-0.5861298971280523,-0.30578048490892634,0.06184031287398982,-0.4699709592615905,-0.28419536090800834
1.6379999999999304,0.22663745261466856,-0.586595853680812,-0.3060743767750317,0.06176205523678137,-0.46193931231152113,-0.30358576105081575
1.6389999999999303,0.22669917300920842,-0.5870510093384286,-0.3063967473779316,0.061678560474361425,-0.4483703432576461,-0.3411499657856724
1.6399999999999302,0.22676083483601897,-0.5875058073884845,-0.30671442799411963,0.061644909077973875,-0.46122085131755347,-0.29421272923404757
1.64099999999993,0.226822460171585,-0.5879705422933036,-0.3069947207995961,0.061605581604492345,-0.46824439636210136,-0.26637405782045515
1.64199999999993,0.226884042100083,-0.5884389171887148,-0.307258199750065,0.0615580968032556,-0.4685014010937441,-0.2605840906575571
1.6429999999999298,0.22694557230080054,-0.5889040779514934,-0.3075271968528035,0.061502128190743126,-0.46181698653607667,-0.2774085604216019
1.6439999999999297,0.22700704323891374,-0.5893593876882351,-0.30782338711422735,0.06143957625566755,-0.4488005359421515,-0.31496755798800286
1.6449999999999296,0.2270684503049882,-0.5897991781373642,-0.30816544507722415,0.06137439248823384,-0.43077989630555474,-0.36914011991890877
1.6459999999999295,0.22712981927031103,-0.5902346861445872,-0.3085178232194823,0.0613633601187848,-0.44023226735450754,-0.3356151101191974
1.6469999999999294,0.22719117702719624,-0.5906775096238677,-0.3088438471522257,0.061351979109624005,-0.44541114752614364,-0.3164313331572654
1.6479999999999293,0.22725252234894455,-0.5911230499455279,-0.3091588775220543,0.06133849275775839,-0.4456664643090618,-0.3136270325241961
1.6489999999999292,0.22731385304755194,-0.5915663414405768,-0.3094794301802085,0.061322736145989286,-0.44091422695761995,-0.32747428793503874
1.649999999999929,0.22737516758260393,-0.5920026220349056,-0.3098213956911325,0.0613061703867337,-0.4316456123646177,-0.3564504187807032
1.650999999999929,0.22743649226244353,-0.5924431512141914,-0.3101491840005792,0.06134301198950048,-0.44940782109106187,-0.29912772242575936
1.6519999999999289,0.22749785195581196,-0.592898688755159,-0.31042875278243454,0.06137620204888263,-0.4616625810040807,-0.2600113240585478
1.6529999999999287,0.2275592410786734,-0.5933630521750851,-0.3106804147202232,0.06140187277586034,-0.4670600256366598,-0.24331345439988075
1.6539999999999286,0.22762065127180256,-0.5938290966135358,-0.3109274863628059,0.06141834340244651,-0.46502533017071124,-0.2508293717088687
1.6549999999999285,0.2276820736862277,-0.5942895210348382,-0.311193773965456,0.06142631787601472,-0.45582104885953345,-0.28174295084493367
1.6559999999999284,0.22774350133652568,-0.5947376914665214,-0.31150100604211456,0.06142882147078015,-0.44051877617614793,-0.33271472451282424
1.6569999999999283,0.22780495700541425,-0.59518364039958,-0.311817410146006,0.0614823454740291,-0.4513750412639164,-0.3000932318496826
1.6579999999999282,0.2278664642423632,-0.5956377003741241,-0.3121102612080604,0.06153196005127931,-0.45674126598756054,-0.28560804248263677
1.658999999999928,0.22792801835929366,-0.5960941278913248,-0.31239848364982703,0.06157610735518127,-0.45611076919534693,-0.29083470778105613
1.659999999999928,0.2279896140780807,-0.5965470128916157,-0.3127015165070427,0.0616151667754638,-0.4496571454719516,-0.3152267592055733
1.6609999999999279,0.22805124744623162,-0.5969909494593879,-0.3130372211009167,0.0616514115017813,-0.43821508255634106,-0.3561752106285413
1.6619999999999278,0.2281129434057148,-0.5974368804078638,-0.31337093733294985,0.06174033618612544,-0.45364243781367897,-0.31125746511283886
1.6629999999999276,0.22817472642921055,-0.5978956513451047,-0.31366828252329787,0.06182554266186276,-0.4638953392146622,-0.28343289267989374
1.6639999999999275,0.22823659130000423,-0.5983615995318642,-0.31394786642480826,0.061904032303290495,-0.4679974337873339,-0.27573405670941986
1.6649999999999274,0.2282985307908141,-0.5988284328953574,-0.31423024908302244,0.06197478417747551,-0.4656664530184614,-0.2890287974691225
1.6659999999999273,0.22836053769214776,-0.5992899390968314,-0.3145357293296814,0.06203885668694548,-0.45734416953787027,-0.32192669659363865
1.6669999999999272,0.22842260682813084,-0.5997406854101847,-0.3148821616725248,0.06209925984017138,-0.44414800961622225,-0.37092955602873495
1.667999999999927,0.22848476271351797,-0.6001918389454919,-0.3152340853045445,0.06221234094523164,-0.4581550397577991,-0.3329168663048097
1.668999999999927,0.2285470300199976,-0.600654717476804,-0.3155555359637204,0.062322104662294965,-0.4675982721395656,-0.3099833213181609
1.6699999999999269,0.2286094041170216,-0.6011243491921799,-0.31586285540214365,0.06242592366075527,-0.47166189229697875,-0.30465355193915933
1.6709999999999268,0.2286718786140397,-0.6015952496030376,-0.31617396456272245,0.06252290642652092,-0.47013638586498746,-0.31756119166636393
1.6719999999999267,0.22873444713359264,-0.6020620387025649,-0.31650643864645794,0.06261397199532044,-0.46344024138644596,-0.34738104794180674
1.6729999999999265,0.22879711991972979,-0.6025287439248606,-0.3168476146186308,0.06273143382953186,-0.4699669981108899,-0.3349682993893925
1.6739999999999264,0.22885990765435624,-0.6029996545969385,-0.31718398126610803,0.06284387074065298,-0.47185167600788125,-0.3377612962013853
1.6749999999999263,0.22892280524626787,-0.6034701613434986,-0.3175306305591737,0.06295115077910025,-0.4691598871760017,-0.35553186867279546
1.6759999999999262,0.22898580821649064,-0.6039359778508497,-0.31790162313522524,0.0630546310837349,-0.46247211965013935,-0.3864455475020951
1.676999999999926,0.22904894007445334,-0.60440879075584,-0.31825964309436283,0.06320891032060148,-0.483148634726063,-0.3295954357567147
1.677999999999926,0.22911214553940007,-0.6048933380677769,-0.31858404770036447,0.06320183760084085,-0.4859421317341971,-0.3192127944887714
1.6789999999999259,0.22917533976758553,-0.6053780173360231,-0.31890667891341445,0.06318643880636664,-0.4834132214458621,-0.3260472740590423
1.6799999999999258,0.22923851481285953,-0.6058576290373746,-0.3192443749546521,0.0631634749011948,-0.47580789956579844,-0.34934036419416375
1.6809999999999257,0.2293016643144674,-0.6063275024362917,-0.31961233343011525,0.06313535655212878,-0.46393771694919345,-0.3865693852556116
1.6819999999999256,0.22936481105661785,-0.606799162358274,-0.3199737104323546,0.06315794098105258,-0.4793770017660139,-0.33618595816554936
1.6829999999999254,0.22942790007652894,-0.6072774538410889,-0.32030752820779534,0.06301990541581452,-0.477202131324088,-0.33144865364988707
1.6839999999999253,0.22949084789073246,-0.6077511546362123,-0.32064447734901247,0.06287553292582157,-0.47019637602727066,-0.34244710232395115
1.6849999999999252,0.22955364900105757,-0.6082156486135764,-0.320999644002178,0.06272650233463116,-0.4587894389607365,-0.3678814553502151
1.6859999999999251,0.2296163263911568,-0.6086821241271148,-0.3213373219601909,0.06262808054614734,-0.4741556661806697,-0.30747800122832225
1.686999999999925,0.2296788246339148,-0.6091547632442326,-0.32163872145186373,0.06236820143188947,-0.47111791418711196,-0.2953224747391004
1.687999999999925,0.2297410593566453,-0.6096214420199538,-0.32193750081151673,0.06210104425844204,-0.4622357794750559,-0.30223617748955833
1.6889999999999248,0.22980302415962814,-0.6100764811619572,-0.32225225064165214,0.06182836720378104,-0.44783968751004916,-0.3272610609475847
1.6899999999999247,0.22986471530686745,-0.6105148417544705,-0.3225996361506856,0.06155374054696286,-0.42887994501594845,-0.36750440679237106
1.6909999999999246,0.22992615953526727,-0.6109478019685725,-0.32294395897813305,0.06133451725081768,-0.4370353715220092,-0.32114346123714776
1.6919999999999245,0.22998738420234072,-0.6113866058651978,-0.3232496785904281,0.0611146231733205,-0.4405676736179407,-0.29029766384216804
1.6929999999999243,0.23004838757024057,-0.6118261436130437,-0.3235338607192904,0.06089192286141906,-0.43850362827729805,-0.27806763909633214
1.6939999999999242,0.23010916668208353,-0.6122606500348576,-0.32381567951345547,0.0606661149263754,-0.43050579873218053,-0.28556945190662586
1.6949999999999241,0.23016971925657592,-0.6126843593328416,-0.3241143737256325,0.060438853533458875,-0.4169104133661158,-0.3118161080907044
1.695999999999924,0.23023004559713903,-0.6130921615619499,-0.3244471970020121,0.06021365502869693,-0.3986929352042577,-0.353824394099645
1.696999999999924,0.23029017651398687,-0.6134952737042373,-0.324778992984171,0.06004799376339403,-0.4075268658447798,-0.3097688912244743
1.6979999999999238,0.23035014343375473,-0.6139049316968013,-0.32507458499809516,0.05988566595711414,-0.4117849854571472,-0.28141611938479605
1.6989999999999237,0.23040994862860956,-0.6143161066438285,-0.32535111393267363,0.05972454781548904,-0.4105613122423019,-0.2716418532696129
1.6999999999999236,0.2304695931557702,-0.6147231797504706,-0.32562760925651996,0.059564334472618524,-0.4035820656817165,-0.2813473291258422
1.7009999999999235,0.23052907872631345,-0.615120589800835,-0.32592296668182014,0.05940664002268977,-0.3912362155079199,-0.3093636700696111
1.7019999999999234,0.23058840956823592,-0.6155034756574133,-0.3262539409743083,0.059254885151771575,-0.37453492942925976,-0.3525778840498857
1.7029999999999232,0.23064762033983338,-0.615883304928807,-0.3265848490610386,0.05916648546392813,-0.3851196749263227,-0.3092386669778258
1.7039999999999231,0.23070674610641245,-0.61627157202265,-0.3268799439553451,0.05908487996717951,-0.3914108734734266,-0.2809512215887669
1.704999999999923,0.23076579244214862,-0.6166635187526481,-0.3271557412411578,0.05900762744387024,-0.3924794306048013,-0.27064264826684054
1.705999999999923,0.23082476335447336,-0.6170537627518508,-0.327430730848565,0.05893403671854188,-0.3880061130643824,-0.2793344010777125
1.7069999999999228,0.23088366309018138,-0.6174369246875433,-0.327723417178522,0.05886527910790652,-0.3783162538212567,-0.30603384284191426
1.7079999999999227,0.23094249795119068,-0.6178082556759834,-0.32805035832231083,0.05880429447663722,-0.3643454026050292,-0.34784100463362155
1.7089999999999226,0.2310013042273655,-0.6181792345867853,-0.3283759630920037,0.05880809505721121,-0.3776087344625872,-0.3033684973859778
1.7099999999999225,0.2310601181261913,-0.6185612940625098,-0.32866478118091014,0.05881954422286535,-0.386506798340555,-0.274267406059165
1.7109999999999224,0.23111894584916937,-0.6189495758505124,-0.3289337244564507,0.05883574645527332,-0.3900538103623426,-0.26361811518255024
1.7119999999999223,0.23117779159998011,-0.6193385483212459,-0.32920180892461665,0.05885560277633347,-0.38788883936735874,-0.27254836609203553
1.7129999999999221,0.23123665944347288,-0.6197226505325721,-0.3294881421102921,0.05887993602652593,-0.38031422956763067,-0.30011331030929833
1.713999999999922,0.2312955551841726,-0.6200969392655236,-0.32980990098131907,0.058911403771491504,-0.3682630733088712,-0.3433966780167018
1.714999999999922,0.23135451441631497,-0.6204726839324792,-0.3301321330769261,0.05900690499421492,-0.3832227686667263,-0.3010670100820158
1.7159999999999218,0.23141357246712227,-0.6208611391359806,-0.33041990504009394,0.05910904479987638,-0.39368440863668497,-0.274476133503164
1.7169999999999217,0.23147273446855754,-0.6212573422367331,-0.3306903958094036,0.05921480866251924,-0.398719017946429,-0.26650381092105907
1.7179999999999216,0.2315320034478113,-0.6216557165742836,-0.33096267998491785,0.059323002779685066,-0.39802757021826585,-0.27806144693363233
1.7189999999999215,0.23159138220025896,-0.6220507169559618,-0.3312557109716952,0.05943435883755343,-0.39197206183455946,-0.3079951118614479
1.7199999999999214,0.23165087516132093,-0.6224374709230822,-0.3315863171500835,0.05955142621044067,-0.38153594562816784,-0.3532087046010568
1.7209999999999213,0.2317105164856806,-0.6228273381874055,-0.3319191104268811,0.059731070808532516,-0.3981951820205434,-0.3123768222513678
1.7219999999999211,0.23177033989068435,-0.623231693249293,-0.3322186068538211,0.05991559058296653,-0.41051177940549527,-0.286614734882741
1.722999999999921,0.2318303486188336,-0.6236457300724668,-0.3325013020757459,0.06010171896465454,-0.4175591400270501,-0.27877361330737926
1.723999999999921,0.2318905435267447,-0.6240640190546644,-0.3327855962835579,0.06028795185575715,-0.4190167636191722,-0.28981124161067884
1.7249999999999208,0.2319509249024929,-0.6244811294483071,-0.333089849907679,0.060474657684828764,-0.41520288785588,-0.3186901953282341
1.7259999999999207,0.23201149429070123,-0.6248922503764038,-0.3334304435938791,0.06066398205806994,-0.4070389947984157,-0.3624883520480197
1.7269999999999206,0.23207228260376597,-0.6253087110141358,-0.33377180622398656,0.06091249281923416,-0.4258786488197097,-0.32023593679260304
1.7279999999999205,0.23213331989461308,-0.6257417835844794,-0.3340784758877375,0.06116194014025641,-0.44026308721925606,-0.29310216734166
1.7289999999999204,0.23219460526557062,-0.6261865164430099,-0.3343670920153943,0.0614086541548599,-0.44919965530965394,-0.2841280851949519
1.7299999999999203,0.23225613505103793,-0.6266372725947382,-0.3346563756453422,0.061650770005720605,-0.4523103400927468,-0.29443572514711325
1.7309999999999202,0.2323179046866809,-0.6270883634518137,-0.33496515079990385,0.06188835660444042,-0.44986999942814604,-0.3231088879524165
1.73199999999992,0.2323799106028945,-0.6275346861025309,-0.33531035483760646,0.062123335583110055,-0.44277510973284384,-0.36729045135123356
1.73299999999992,0.23244217849912338,-0.627987238496687,-0.335657079493818,0.06241230338486927,-0.4623257304204531,-0.3261580649357942
1.7339999999999198,0.23250467841270248,-0.6284524903754111,-0.33598097172009533,0.06258736498840728,-0.4681750600891233,-0.3216237837467549
1.7349999999999197,0.23256735058785302,-0.62892112163199,-0.33630843478190897,0.06275682784499222,-0.4690851600199905,-0.3332982413307342
1.7359999999999196,0.2326301896703681,-0.6293883645245724,-0.3366551217346827,0.06292118217097563,-0.4653992158053077,-0.360069423724099
1.7369999999999195,0.2326932181846614,-0.6298649746780262,-0.3369866584957862,0.06313568037783152,-0.48781582572705035,-0.30300609637982745
1.7379999999999194,0.23275637834644286,-0.630354745858817,-0.33728535804146936,0.06318446735228732,-0.4917225019643932,-0.29439293704849356
1.7389999999999193,0.23281958191310234,-0.6308453971267459,-0.33758520985810575,0.0632224910238576,-0.4895767683051608,-0.3053090531752763
1.7399999999999192,0.23288281858346685,-0.6313310559457532,-0.33790517833484707,0.06325067721598769,-0.48173863373815795,-0.3346238608155295
1.740999999999919,0.2329461003335141,-0.6318179154462428,-0.3382253873133502,0.06331264523239956,-0.4919756951326859,-0.305795090853814
1.741999999999919,0.2330093608656541,-0.6323057816169962,-0.33854089246747787,0.06320823155169103,-0.48375351983961673,-0.32521328079499967
1.7429999999999188,0.23307251305243742,-0.6327829157199578,-0.3388839646385781,0.06309595912344179,-0.4705127162861736,-0.36092634127740814
1.7439999999999187,0.23313557779571695,-0.6332598158823094,-0.33922094306894457,0.06303333533851492,-0.4832819460268721,-0.3130336572691282
1.7449999999999186,0.23319849753307395,-0.6337404215558237,-0.33953366294428206,0.06280593925901579,-0.4779251382440872,-0.31240680376042057
1.7459999999999185,0.23326118604917762,-0.6342130055887543,-0.3398544350694173,0.06257089655401094,-0.467239576977508,-0.32913619779973763
1.7469999999999184,0.23332363699391423,-0.6346725600311622,-0.3401996447059618,0.06233080216132119,-0.45186707782222085,-0.361279162842826
1.7479999999999183,0.23338587421724633,-0.6351298571270639,-0.3405349432644857,0.06214344454383006,-0.46272120001208894,-0.3093220108823298
1.7489999999999182,0.2334479213453583,-0.6355953913189247,-0.34082688999707095,0.06195061609772764,-0.46834169384510477,-0.2745751044822598
1.749999999999918,0.23350977154400251,-0.6360633784677595,-0.34109444173810866,0.06174958810652043,-0.46762771962464206,-0.26053112185265126
1.750999999999918,0.2335714162968451,-0.6365272825683248,-0.3413589586904148,0.06153972670504091,-0.4601764324622985,-0.2685039219877064
1.7519999999999178,0.23363284757434202,-0.6369805358162721,-0.3416419565524349,0.06132264141990305,-0.44632713574360144,-0.29749042176575335
1.7529999999999177,0.23369406003116758,-0.6374172636196941,-0.34196284278461414,0.06110209266582104,-0.427126954540378,-0.3442771736573271
1.7539999999999176,0.2337550799237925,-0.6378477934718292,-0.3422889651735658,0.06093750504281005,-0.433927947124229,-0.30796967853706886
1.7549999999999175,0.23381593472149878,-0.6382826777086967,-0.34258700405956993,0.06077190651985203,-0.4358361919334808,-0.2881095102898293
1.7559999999999174,0.23387662273686127,-0.638716718736533,-0.34287438189679964,0.060603943422736714,-0.4322421886945222,-0.2866463622690656
1.7569999999999173,0.23393714185537223,-0.6391444183331051,-0.34316950595552603,0.060434116581679145,-0.4231542120580431,-0.3036000367629536
1.7579999999999172,0.23399749139493284,-0.6395605955576482,-0.34348983780782866,0.06026479122036407,-0.40919855934833066,-0.3370592692189594
1.758999999999917,0.23405770087768168,-0.6399758080978458,-0.3438022115478433,0.0601539941773973,-0.421221471862369,-0.2876911126379073
1.759999999999917,0.2341177995011225,-0.6404003793708218,-0.3440742155584676,0.060043076690133465,-0.4279164311454576,-0.2563193701959476
1.7609999999999169,0.23417778577908888,-0.6408284756283716,-0.3443254426148194,0.05992930555436639,-0.42827202510004037,-0.24613626299903632
1.7619999999999167,0.2342376565581796,-0.6412536069338082,-0.34457756803588196,0.0598120812115408,-0.42198734927653103,-0.2581144322910724
1.7629999999999166,0.23429740920858122,-0.6416693540177281,-0.34485207896699005,0.05969305244514179,-0.40950470260669214,-0.2909046733290344
1.7639999999999165,0.23435704380824324,-0.642070088611844,-0.3451680236831588,0.05957598732674783,-0.39196378470888055,-0.3409784218654608
1.7649999999999164,0.23441659218088465,-0.6424664247584796,-0.34549223272011487,0.05952058865184891,-0.40070457290208256,-0.3074401893066432
1.7659999999999163,0.23447608724020902,-0.6428692677184656,-0.3457906347904241,0.059469364081756994,-0.4049778187880137,-0.2893638776898471
1.7669999999999162,0.2345355323414051,-0.6432738571577783,-0.34607961445198954,0.059420675248373654,-0.40419812483606726,-0.28859422427380754
1.767999999999916,0.23459493006725246,-0.6436751363525768,-0.3463764974964575,0.05937461681339805,-0.3983581351541514,-0.3051688444007572
1.768999999999916,0.234654283966942,-0.6440683307192286,-0.34669774216498755,0.059333027984140856,-0.38802949077670373,-0.33731497261943166
1.7699999999999159,0.23471362737064144,-0.6444642904291675,-0.3470094962190251,0.059353614323650924,-0.4038853834747997,-0.2861951068529009
1.7709999999999158,0.23477299260314752,-0.6448735388988872,-0.3472789176876843,0.05937668935285523,-0.4146073478611439,-0.2526494518102302
1.7719999999999156,0.23483238040404938,-0.6452903799121413,-0.34752533656011775,0.059398752866579196,-0.41907098108757795,-0.24018909763575919
1.7729999999999155,0.23489178907300498,-0.645708345056423,-0.34777049335876004,0.059418426803272834,-0.4168563546238091,-0.25012379690700787
1.7739999999999154,0.23495121666755917,-0.6461209202517669,-0.34803626893049977,0.059436607100766835,-0.4082921309923957,-0.2814242048574225
1.7749999999999153,0.23501066323075392,-0.6465222770243088,-0.3483423992579765,0.059456370347013524,-0.39442087115902025,-0.33082986441766893
1.7759999999999152,0.23507016006399806,-0.6469227033379384,-0.3486567544669044,0.05953713813875297,-0.4064280409714028,-0.297880630071274
1.776999999999915,0.23512973901486814,-0.6473327327089856,-0.3489464106740131,0.05962060797659331,-0.41362738535406374,-0.28143122133906556
1.777999999999915,0.23518940177366482,-0.647747270842406,-0.349228753430784,0.05970475578202939,-0.4154461629399657,-0.2832525311016707
1.7789999999999149,0.23524914892845758,-0.6481609552733436,-0.34952198719345334,0.059789402455268446,-0.41192080907735235,-0.3032113389387001
1.7799999999999148,0.23530898180841528,-0.6485687622454572,-0.34984323829199593,0.059876210454836674,-0.40369231152704654,-0.33928455627647547
1.7809999999999147,0.2353689315518644,-0.6489813292252814,-0.35015916915779477,0.06002311914814381,-0.4214373396542835,-0.2925783363770812
1.7819999999999145,0.2354290282006731,-0.6494090655113148,-0.35043711121643933,0.060170023682522486,-0.4340312525801354,-0.2633065378393924
1.7829999999999144,0.23548926996016806,-0.6498463104385153,-0.3506960740166101,0.06031334128827005,-0.4404551387004904,-0.2546189215988653
1.7839999999999143,0.23554965249821205,-0.6502867277665324,-0.35095714428697644,0.06045158138350309,-0.4403768155219888,-0.2675198763185541
1.7849999999999142,0.23561017109793203,-0.6507240093155288,-0.35124128778011665,0.060585467017611604,-0.4341846410439552,-0.3007628580045058
1.785999999999914,0.2356708228134768,-0.6511525745955932,-0.3515671634819193,0.06071781849330276,-0.42294562958837784,-0.35098085178776695
1.786999999999914,0.23573163582991385,-0.6515829218661892,-0.3519016460806424,0.06090805862410298,-0.437745130446263,-0.31798394653034506
1.7879999999999139,0.23579263846987927,-0.652025769874593,-0.3522108645583302,0.06109706705032937,-0.44794746400604013,-0.3004520293860432
1.7889999999999138,0.2358538282168939,-0.6524762007636619,-0.3525112630341832,0.06128227353096552,-0.4529114493982374,-0.3003428268614955
1.7899999999999137,0.23591520087534953,-0.6529289458373924,-0.352820336367005,0.06146289120300924,-0.45257661506987457,-0.3177999743956702
1.7909999999999136,0.2359767523672872,-0.6533789686386101,-0.3531548086134075,0.061639943370167934,-0.4474679141247302,-0.3511381758692164
1.7919999999999134,0.23603850797995418,-0.6538367301189765,-0.35348142117642684,0.06187112307533358,-0.46805023685004715,-0.30208850067924564
1.7929999999999133,0.23610041229937417,-0.6543060387781829,-0.35378261979974784,0.061937347491092094,-0.47056356964533164,-0.3003080000843899
1.7939999999999132,0.2361623791368501,-0.6547751003644344,-0.3540910779513333,0.06199616055766652,-0.4675569113395673,-0.3166057664068005
1.794999999999913,0.23622440177294324,-0.6552386569103592,-0.3544240480607504,0.062048947819885146,-0.4595545408405575,-0.34932939301120647
1.795999999999913,0.23628650332780052,-0.6557069394854181,-0.35474885467144773,0.062153989936669866,-0.4770052770364818,-0.30028655795787496
1.796999999999913,0.23634862660353806,-0.6561835615376402,-0.35504844847353917,0.06209238006123072,-0.47623484744508243,-0.2989014381686716
1.7979999999999128,0.23641068406546867,-0.6566565982890483,-0.3553558409299601,0.062022364320420006,-0.46983555674878336,-0.31588197218484004
1.7989999999999127,0.23647266829056837,-0.6571207142230551,-0.3556884901855738,0.061945910324286604,-0.4583943244273694,-0.34941239445153716
1.7999999999999126,0.23653460236716917,-0.6575861105179761,-0.35601380761179324,0.061922059945211896,-0.47239263292331185,-0.3012260281277913
1.8009999999999124,0.23659642957913735,-0.6580564442904158,-0.3563146325100492,0.061732172578163824,-0.46827068277394734,-0.30042491291884593
1.8019999999999123,0.23665806337218975,-0.6585199164294648,-0.35662364352648596,0.061535225232893176,-0.4586702882377239,-0.3175962894810286
1.8029999999999122,0.2367194979331813,-0.6589713645805482,-0.35695785043474937,0.061333713552106116,-0.44422384568581647,-0.35081399777420835
1.8039999999999121,0.23678075853640582,-0.6594211827258842,-0.35728418399000333,0.06118730241244362,-0.45540665834888333,-0.30185732256317915
1.804999999999912,0.23684187023636816,-0.6598795433336803,-0.35757029500570425,0.06103591046394638,-0.4613092339772248,-0.27036837148343845
1.805999999999912,0.23690282671547064,-0.6603406698061158,-0.35783522319952826,0.06087686249972908,-0.4609390251333139,-0.2594906549142092
1.8069999999999118,0.23696362004695878,-0.6607981352052376,-0.3581000828899586,0.060709617026135435,-0.45398795001299386,-0.27022965813176086
1.8079999999999117,0.23702424288819032,-0.6612455633658745,-0.35838587283289014,0.060535885708694975,-0.440865689286651,-0.3013485658457567
1.8089999999999116,0.23708469067393576,-0.6616773258815709,-0.358711298527514,0.06035951300755611,-0.42265807486587637,-0.349497648460086
1.8099999999999115,0.23714499145120177,-0.6621037963672723,-0.35904358366677597,0.060241861048953585,-0.43027820119306603,-0.31507467519789356
1.8109999999999113,0.23720517444782752,-0.6625356056794939,-0.3593491683112163,0.06012395478663082,-0.43333619201054685,-0.2960959618949028
1.8119999999999112,0.23726523864347718,-0.6629678970058458,-0.359644433414505,0.06000426163685557,-0.43124287352599255,-0.2944343809998945
1.8129999999999111,0.23732518237703518,-0.663395510740635,-0.3599467376007399,0.05988303375267077,-0.4239818571630171,-0.3101722855810235
1.813999999999911,0.23738500513943872,-0.6638135584524667,-0.360272622772563,0.05976232416040664,-0.412111885257325,-0.34159382404311767
1.814999999999911,0.23744473724586815,-0.664232582849235,-0.36058891658509384,0.05970171360942377,-0.42593168752324884,-0.2909971994093207
1.8159999999999108,0.23750440827329178,-0.6646628229144516,-0.3608634031771843,0.059640169556242684,-0.43454363925663914,-0.2579788909356454
1.8169999999999107,0.23756401568471164,-0.6650985363602195,-0.3611153404748393,0.059574483162422275,-0.4368790312046203,-0.2458976737333943
1.8179999999999106,0.23762355481451186,-0.6655332581771628,-0.36136626388860543,0.059503607634346624,-0.43256118756392775,-0.2559495214639309
1.8189999999999105,0.23768302110110912,-0.665960512514636,-0.3616377614477023,0.059428799864222295,-0.42194516681711697,-0.2870434625536834
1.8199999999999104,0.23774241233922425,-0.6663745262188608,-0.3619492434775715,0.05935351701373629,-0.4060813123319183,-0.33591499369050876
1.8209999999999102,0.2378017587876735,-0.6667854608689905,-0.3622688168707274,0.05933921311111583,-0.4157837818926987,-0.3032330503445085
1.8219999999999101,0.23786109160675364,-0.6672037433011935,-0.3625637541626474,0.05932626071541624,-0.4207773296298839,-0.28664206360116007
1.82299999999991,0.23792041128835517,-0.6676243934324848,-0.3628509960766811,0.05931294011594188,-0.4205198184231598,-0.28784104041241004
1.82399999999991,0.23797971752249317,-0.6680421821458642,-0.3631482658391214,0.05929936847498125,-0.41505534666424787,-0.30669585264121046
1.8249999999999098,0.23803901103155659,-0.6684522151796781,-0.36347224323284366,0.05928749445374928,-0.40500953087772046,-0.3412536894207545
1.8259999999999097,0.23809832345987966,-0.6688650529369238,-0.36378978611454416,0.05933719811412638,-0.4206612444859115,-0.2938344375516217
1.8269999999999096,0.2381576855917804,-0.6692910219611665,-0.3640684622543829,0.05938690427252362,-0.4312724470265673,-0.26351971547564407
1.8279999999999095,0.2382170957329491,-0.6697245755781488,-0.3643269531379223,0.05943321766245812,-0.4358309845736613,-0.2534629817345802
1.8289999999999094,0.23827654984307228,-0.6701594886900655,-0.364586050565172,0.05947484303638248,-0.4339922172860415,-0.2647312034167179
1.8299999999999093,0.23833604370004272,-0.6705895429801333,-0.3648665148650324,0.05951271391281177,-0.426114402817,-0.29619426389521875
1.8309999999999091,0.2383955750750201,-0.6710092110421582,-0.36518693626106485,0.05954988459663794,-0.41322110347111174,-0.344642026709663
1.831999999999909,0.2384551739607209,-0.6714288160977678,-0.3655148288124532,0.059647726910504524,-0.42598493614605604,-0.3111438033471647
1.832999999999909,0.23851487073425648,-0.6718588891925359,-0.36581702231412644,0.05974566201000808,-0.4341575890102348,-0.2932432678773753
1.8339999999999088,0.23857466433185975,-0.6722945296821238,-0.36611006982490246,0.059841376165230914,-0.4371203196134157,-0.2928506534117881
1.8349999999999087,0.238634552286598,-0.6727305060986785,-0.36641153452548464,0.05993437792803389,-0.43483025100649414,-0.3100758468740845
1.8359999999999086,0.23869453256187417,-0.6731618337659219,-0.3667381838200202,0.06002602053940027,-0.42782385051907545,-0.3432173437778052
1.8369999999999085,0.23875463367590516,-0.6735988529448477,-0.36705733533286017,0.06017604719098934,-0.4462096255832302,-0.2950880099853658
1.8379999999999084,0.23881488276274712,-0.674051603253703,-0.36733719878086896,0.06032196785098826,-0.45928649271223826,-0.26464070493528863
1.8389999999999083,0.23887527380750948,-0.674514253774276,-0.3675970706048475,0.060459962877731366,-0.46601061051746234,-0.25510380252253323
1.8399999999999082,0.23893579807233775,-0.6749802738904561,-0.3678584004022054,0.060588407618776235,-0.466026482694325,-0.2675550207614087
1.840999999999908,0.2389964463578506,-0.6754431395065095,-0.36814258442818004,0.06070800569491597,-0.459702706547988,-0.3008097304050257
1.841999999999908,0.23905723977000315,-0.67591154629532,-0.3684218884740478,0.06087865829612826,-0.4771056982146811,-0.2578013916508404
1.8429999999999078,0.23911811827602358,-0.676387718619309,-0.36868372109058467,0.060878181014624985,-0.475235143153297,-0.2658645709455715
1.8439999999999077,0.23917899108206686,-0.6768587684665107,-0.368964229968523,0.06086725984403849,-0.46686182632449996,-0.2951515033241818
1.8449999999999076,0.23923984925631855,-0.6773186745187916,-0.3692831345679565,0.060848922112253644,-0.4529489316880683,-0.34265264262555933
1.8459999999999075,0.23930071645968334,-0.6777771709962919,-0.3696093803166924,0.060885312381238184,-0.4640392174321342,-0.30984090469136444
1.8469999999999074,0.2393616169605346,-0.6782442123978453,-0.3699112029616214,0.06091551823224374,-0.47003927243915133,-0.2938056399849553
1.8479999999999073,0.23942254363597534,-0.6787144410592909,-0.3702062115586699,0.06093766221185961,-0.47041442390142785,-0.2962114770259055
1.8489999999999072,0.2394834884638763,-0.6791822676366579,-0.37051273309601235,0.06095182466264218,-0.46523601534668674,-0.31682951258183695
1.849999999999907,0.23954444447390155,-0.6796424732366614,-0.37084793094502444,0.06096003001780916,-0.45517360680053487,-0.35356135999894217
1.850999999999907,0.23960543628149375,-0.6801052447215012,-0.3711792780849176,0.06102341260343738,-0.47036402992056703,-0.3091359711733633
1.8519999999999068,0.2396664077012501,-0.6805743737465337,-0.3714891754365718,0.060919245364599965,-0.4678901150934591,-0.31065924488267393
1.8529999999999067,0.23972727157437687,-0.6810384790241538,-0.3718089829776137,0.060808321805951054,-0.4603174333405098,-0.32895439026771595
1.8539999999999066,0.2397880508313257,-0.6815071244817528,-0.37210813350928634,0.0607500092501404,-0.4769669474534692,-0.2693526959137128
1.8549999999999065,0.23984868626649491,-0.6819829726355746,-0.37237260230930097,0.06052066826417988,-0.4747241923426845,-0.2595887966279261
1.8559999999999064,0.23990908695567384,-0.6824532457652076,-0.37263818259548603,0.06028051898422725,-0.4658178307800037,-0.2715738387520718
1.8569999999999063,0.23996924315527732,-0.6829115128957837,-0.3729259260352697,0.06003169297340474,-0.45071339876381955,-0.303912391143704
1.8579999999999062,0.2400291772225183,-0.6833665866654572,-0.37320776269502826,0.05983625347170186,-0.4594280493433718,-0.25976657949826637
1.858999999999906,0.2400889116650688,-0.6838271402557219,-0.37345609803161656,0.059632445590519466,-0.46167365850227177,-0.23690888099624474
1.859999999999906,0.24014843727416046,-0.6842863632974712,-0.3736933140788409,0.05941858745352028,-0.45676775374440703,-0.2375265969059824
1.8609999999999058,0.24020774441123866,-0.684737147213039,-0.3739427792194716,0.05919550367755264,-0.4447964780637908,-0.26140481313523684
1.8619999999999057,0.24026682551063125,-0.6851728502636313,-0.37422645690515566,0.058966517496210805,-0.42660742147321057,-0.30594837210251136
1.8629999999999056,0.24032570644747567,-0.6856024432582929,-0.37451602779922394,0.05879517695138303,-0.43257342432339974,-0.27319722121773843
1.8639999999999055,0.24038441439823133,-0.686035135242297,-0.37478246075730237,0.05862054762876065,-0.4328060170682196,-0.25967150013198054
1.8649999999999054,0.24044294566583593,-0.6864649990263086,-0.3750456093950956,0.05844181276620543,-0.42691783578508086,-0.2666269950620154
1.8659999999999053,0.24050129682494847,-0.6868860542352176,-0.37532553804463265,0.05826033424342419,-0.41518992350835887,-0.29322915892854534
1.8669999999999052,0.24055946685999222,-0.6872929218634273,-0.3756404744588059,0.058079570946503366,-0.3985439825550927,-0.33663932031044697
1.867999999999905,0.24061748821543846,-0.6876958258314618,-0.37595837849739616,0.05796296864457735,-0.40725923619348603,-0.29917153815573544
1.868999999999905,0.24067539410629682,-0.6881051148969534,-0.3762468389086747,0.05784864477197724,-0.41131465809403184,-0.27775133534427426
1.8699999999999048,0.24073318586533943,-0.6885157977220862,-0.3765229544070391,0.05773470731199831,-0.4100474026738633,-0.27448050932689316
1.8709999999999047,0.2407908638896518,-0.6889225152623972,-0.37680500204756867,0.05762117812585538,-0.403384937773158,-0.28961379707280394
1.8719999999999046,0.2408484295727395,-0.6893201351199042,-0.37711057739225795,0.0575100294133558,-0.3918531092962276,-0.32153337562124173
1.8729999999999045,0.2409059163676071,-0.6897187113550738,-0.3774082905307468,0.05746339576557518,-0.4052943738777027,-0.27389647363219927
1.8739999999999044,0.2409633570726245,-0.6901280497487324,-0.377667530790311,0.05741785247150252,-0.4133778889522511,-0.24458698141344834
1.8749999999999043,0.24102075127252642,-0.690542322907906,-0.3779081005059385,0.057370386723069176,-0.41516452344802224,-0.23655432447908065
1.8759999999999042,0.24107809666510743,-0.6909551101222241,-0.37815166968448877,0.05732023914503803,-0.4104068417223522,-0.2505841764046495
1.876999999999904,0.2411353913648542,-0.6913601019399217,-0.3784195719319398,0.05726900443125368,-0.3995748624020437,-0.2852178286175522
1.877999999999904,0.24119266549431412,-0.6917661645544998,-0.3786841718525558,0.05727909628712569,-0.412545577157375,-0.24398540755287115
1.8789999999999039,0.2412499487789841,-0.692182047876308,-0.3789181866207219,0.05728731608001845,-0.419216801989723,-0.22404673024471242
1.8799999999999037,0.24130723822133204,-0.6926011269660506,-0.3791439270333729,0.0572914118398813,-0.41893782724924405,-0.2274353654155847
1.8809999999999036,0.24136452981638476,-0.6930165051965451,-0.3793845519789041,0.05729162287790438,-0.4118160801918033,-0.25381361149831627
1.8819999999999035,0.24142182103313223,-0.6934217669656432,-0.3796617140184971,0.05729065977197838,-0.3987062385743535,-0.30050631250857074
1.8829999999999034,0.24147914257195038,-0.6938260350276827,-0.3799469465944059,0.057352263568985234,-0.4098257402771447,-0.2699606374868001
1.8839999999999033,0.24153652573533202,-0.6942386681129218,-0.38021101976309385,0.05741391009229973,-0.41543681491870177,-0.25818657521553745
1.8849999999999032,0.24159396976544464,-0.69465395650533,-0.38047332655619603,0.057473997969521,-0.41513708441707103,-0.26642639328344114
1.885999999999903,0.2416514733713663,-0.6950661126647009,-0.3807534868696786,0.05753306396128991,-0.4091733279112245,-0.29389136698129337
1.886999999999903,0.24170903682989497,-0.695469907468009,-0.3810693566987676,0.05759370792616303,-0.39841560541639137,-0.3378423622954871
1.8879999999999029,0.241766693426189,-0.6958755830446981,-0.381388863702459,0.05771933193354041,-0.4129313972117095,-0.30117302094798354
1.8889999999999028,0.24182447630797804,-0.6962934518855274,-0.38167967272788117,0.05784628041722893,-0.42280254416787716,-0.2804457359189842
1.8899999999999026,0.2418823853894179,-0.6967185131899998,-0.3819588233699985,0.05797173190778684,-0.42731691081750633,-0.2778551195975196
1.8909999999999025,0.24194041873103603,-0.6971453477806802,-0.382244630837961,0.05809480182822718,-0.4263499152760323,-0.29375763878378264
1.8919999999999024,0.24199857450234932,-0.697568711456637,-0.3825548296350644,0.05821659399941481,-0.4203761144408431,-0.32663530712691075
1.8929999999999023,0.24205688252039712,-0.6979984237635235,-0.38285848208306056,0.058399289397857684,-0.43904368882528827,-0.2806722259676823
1.8939999999999022,0.24211537114255902,-0.6984440273634136,-0.38312545934181313,0.0585778031007301,-0.45215913198119184,-0.2532842817761151
1.894999999999902,0.2421740343103481,-0.6988994991252819,-0.3833757873365246,0.05874837987234187,-0.45878061782775914,-0.24737261807878577
1.895999999999902,0.24223286336909802,-0.6993582223311742,-0.383631304438902,0.05890958436017555,-0.4586628671332684,-0.2636607342224602
1.8969999999999019,0.2422918494370163,-0.699813695125374,-0.3839134466200033,0.059062399663464896,-0.4522809456762666,-0.3006200969219259
1.8979999999999018,0.24235101551209737,-0.7002745223219461,-0.3841948328292028,0.05926959666594513,-0.4693685314238689,-0.26215507496952256
1.8989999999999017,0.24241030263174038,-0.700743024670107,-0.3844626165326637,0.05930447667000818,-0.4676326621087346,-0.27341263384461584
1.8999999999999015,0.2424696199873653,-0.7012067432185805,-0.3847516682758426,0.059330070216234335,-0.4598020278182003,-0.30468867555127527
1.9009999999999014,0.2425289897140753,-0.7016743679536875,-0.38503423221269806,0.0594092172931721,-0.47544181327357515,-0.26044355178824985
1.9019999999999013,0.2425883518170722,-0.7021481620027937,-0.3852975651462148,0.05931481085550582,-0.4721420718689677,-0.26622432070186164
1.9029999999999012,0.2426476142791412,-0.7026154782338253,-0.38557708369070753,0.05920993710584691,-0.4624872532740883,-0.29281243361697873
1.903999999999901,0.24270677501835894,-0.7030736483118284,-0.38588172840308643,0.05911136778171906,-0.4538500306135843,-0.3164757891527158
1.904999999999901,0.24276586490672844,-0.703535109055754,-0.3861716844284384,0.05906823327021484,-0.4690651856797064,-0.26344212672052103
1.9059999999999009,0.24282482540216024,-0.7040024030570969,-0.38643337000132266,0.058852571485431056,-0.46551795054257583,-0.25993263354447127
1.9069999999999008,0.24288356534280223,-0.7044629244437726,-0.3867021414911338,0.05862712557323681,-0.4555209524278691,-0.27761191892281817
1.9079999999999007,0.24294207629250775,-0.70491054145292,-0.3869982199803514,0.058394593977253585,-0.43971045840835343,-0.31454371753709226
1.9089999999999006,0.24300038363893584,-0.7053543242722871,-0.38729280227034274,0.05821991764076626,-0.4478493807981808,-0.2746260831173827
1.9099999999999004,0.24305851327885208,-0.7058033387028938,-0.38755713077105036,0.05803918290391585,-0.45017429495394584,-0.25403521029709675
1.9109999999999003,0.2431164583463712,-0.7062514656767753,-0.38781150919879265,0.05785077405152973,-0.4460752541075015,-0.25472450760209137
1.9119999999999002,0.24317421152226815,-0.7066923197369552,-0.38807712021588714,0.05765540193673073,-0.4356294909386407,-0.2764982192974488
1.9129999999999001,0.2432317673557667,-0.7071199329460424,-0.388373886278818,0.057456094228575116,-0.41959484783614676,-0.3170315373146166
1.9139999999999,0.24328915464633727,-0.7075436334408615,-0.38867240012444787,0.057318313554249906,-0.42780087404755157,-0.2800003705262477
1.9149999999999,0.24334640290734205,-0.7079728383034651,-0.3889429990768292,0.057178037212916075,-0.4306041625494116,-0.2612008378509297
1.9159999999998998,0.2434035088487283,-0.7084018625525851,-0.3892048149728914,0.05703367585140219,-0.42744039723212773,-0.2624328511746427
1.9169999999998997,0.2434604686821074,-0.708824779406496,-0.38947777047313903,0.05688582371663198,-0.418390345572315,-0.28347794564247314
1.9179999999998996,0.2435172802974552,-0.7092360617193615,-0.389780571895652,0.05673724467082166,-0.40417253682458926,-0.3221217847200553
1.9189999999998995,0.24357397561695943,-0.7096454004007393,-0.39008282445249287,0.05665322795913251,-0.4144997924486353,-0.282387100583792
1.9199999999998993,0.24363058681121702,-0.7100624850071902,-0.3903541472449457,0.0565689963515045,-0.4196649125010704,-0.2602614423374673
1.9209999999998992,0.24368711257496914,-0.710481809514435,-0.3906132353047409,0.05648236827171542,-0.41898028194793807,-0.25791636794294504
1.9219999999998991,0.24374355049694174,-0.7108974980831503,-0.3908799606678615,0.05639331475231442,-0.41239393817909564,-0.27553412896304524
1.922999999999899,0.24379989922837597,-0.7113039435949788,-0.391173373917269,0.056303991251738655,-0.40049532115671926,-0.31128942173818236
1.923999999999899,0.24385619098702777,-0.7117106173104489,-0.39146384408337787,0.05627936557171733,-0.41284714396914884,-0.26965464006919676
1.9249999999998988,0.2439124577392889,-0.7121268946672618,-0.39172203516600607,0.056253980162926015,-0.41970312329978043,-0.2467304542103793
1.9259999999998987,0.2439686974678471,-0.7125469146170557,-0.39196780313955326,0.05622531881760159,-0.420333013025853,-0.24480717098765054
1.9269999999998986,0.2440249067849876,-0.7129644229187991,-0.3922222395243232,0.056193158639735986,-0.4146807408397563,-0.26406533443637825
1.9279999999998985,0.24408108324302605,-0.7133734492422655,-0.3925055523632507,0.056159604263342267,-0.4033702489320107,-0.30255726126522314
1.9289999999998984,0.24413725809494063,-0.7137831355177006,-0.3927891453857973,0.056189943555310214,-0.41599756167140584,-0.26463203852778583
1.9299999999998982,0.24419346246977203,-0.7142026146330351,-0.39304443172400205,0.05621865114387226,-0.4229564604834891,-0.245943032290789
1.9309999999998981,0.2442496935942555,-0.7146259128903591,-0.39329159851233064,0.05624344313665276,-0.4236365549165488,-0.24839158761553243
1.931999999999898,0.2443059475697354,-0.715046785132825,-0.39355167361820703,0.05626435439666833,-0.4181053852059307,-0.27175758288925905
1.932999999999898,0.24436222168571936,-0.7154593891504722,-0.3938444150898045,0.056283727957438745,-0.40710134178689283,-0.31372134827109854
1.9339999999998978,0.244418547259316,-0.7158730805260946,-0.3941404925895706,0.0563672658772725,-0.4202768893691808,-0.2784362340796444
1.9349999999998977,0.2444749555980525,-0.7162972866198956,-0.3944103180084336,0.05644925908017515,-0.42813128830079517,-0.26121632857120614
1.9359999999998976,0.24453144398465437,-0.716726396618303,-0.39467285167959415,0.056527361814889654,-0.430085387910553,-0.26385139436791005
1.9369999999998975,0.24458800844759818,-0.7171545385690747,-0.3949478485549239,0.05660141285820579,-0.42619611416232145,-0.2861407073288646
1.9379999999998974,0.24464464594100777,-0.7175762122259722,-0.3952538777267739,0.05667342609199386,-0.4171499768822605,-0.32591315643840396
1.9389999999998973,0.24470138717706677,-0.718001025718285,-0.39556068319493265,0.056808893483772216,-0.4324723590239137,-0.2877003715820008
1.9399999999998971,0.24475826236175827,-0.7184385602498486,-0.39583804612490475,0.05694132396350085,-0.4425925333507939,-0.26702729191175356
1.940999999999897,0.24481526699030784,-0.7188832614931362,-0.39610459049730146,0.05706778089071048,-0.4468064350046894,-0.26606201556846
1.941999999999897,0.24487239471056482,-0.7193291866083223,-0.39638012120591076,0.057187507639808406,-0.4450411553524889,-0.2849980736536198
1.9429999999998968,0.24492963952130303,-0.7197706385445138,-0.39668363959661546,0.05730196416503487,-0.4378612132167376,-0.3220346950324209
1.9439999999998967,0.2449870287966274,-0.7202168971425049,-0.3969857195980836,0.05747643323062152,-0.4546510439545725,-0.28212830694512514
1.9449999999998966,0.24504450709570105,-0.7206709976001416,-0.3972713432323023,0.05748000138265324,-0.45354636329320364,-0.28911941682590064
1.9459999999998965,0.24510198574784478,-0.7211212912555132,-0.39757293993894377,0.05747714106994442,-0.4470384216993576,-0.31407226044096287
1.9469999999998964,0.24515949061996367,-0.7215768816943078,-0.3978615454040056,0.05753243927080886,-0.4641365123935229,-0.26314397348292057
1.9479999999998963,0.24521696391077502,-0.7220402993031174,-0.3981236616061847,0.05741396749986887,-0.4626941559881339,-0.26109146692702434
1.9489999999998961,0.24527431388589357,-0.7224991201945475,-0.3983941174708523,0.05728580902141778,-0.4549440537478732,-0.2798212772698293
1.949999999999896,0.24533153207868222,-0.7229473523140205,-0.3986927214322185,0.057150406375795666,-0.44151784919139353,-0.31738479820907983
1.950999999999896,0.24538864462163282,-0.7233940317000743,-0.39899075295781866,0.05707450787707389,-0.45183529180004134,-0.278683129881836
1.9519999999998958,0.24544567783941276,-0.7238481877494609,-0.39925951758556594,0.05699175704788489,-0.4564717731882179,-0.25885006535306543
1.9529999999998957,0.24550262388017824,-0.7243038343045948,-0.3995188486649876,0.05690015414248747,-0.45481707085104817,-0.25981462320661664
1.9539999999998956,0.24555947405588446,-0.7247547072263315,-0.3997894692372421,0.05680002821658545,-0.44692550408371046,-0.28142693960492104
1.9549999999998955,0.2456162211690986,-0.7251949264735138,-0.40009092067594515,0.05669403298880462,-0.43351098296029733,-0.32147339468978514
1.9559999999998954,0.24567289294854922,-0.7256336963004856,-0.4003940292535266,0.05664935850944752,-0.4440233327216978,-0.2847480274647436
1.9569999999998953,0.24572951743497862,-0.7260802756781822,-0.40066944725984366,0.05659944797453386,-0.44913065914767847,-0.2660913250185738
1.9579999999998952,0.245786088388029,-0.7265289683893106,-0.400936159965475,0.05654229216759968,-0.44825074425122846,-0.2673360303695731
1.958999999999895,0.24584259867231778,-0.7269738133223463,-0.40121399252887785,0.05647811179798102,-0.44143606847916683,-0.2883289763463996
1.959999999999895,0.24589907383130313,-0.7274232780847735,-0.4014760955127505,0.0564720419122165,-0.45748729870609617,-0.23588319973385732
1.9609999999998948,0.24595545541108008,-0.7278792058018357,-0.4017112599566553,0.056290941831406364,-0.45436334264880335,-0.2344497894071183
1.9619999999998947,0.24601165083573973,-0.7283285421055744,-0.401956448781069,0.05609973282012027,-0.44430551180936273,-0.25592983009315406
1.9629999999998946,0.24606765150125948,-0.7287647207917396,-0.40223344657478083,0.05590142766189684,-0.4280494518952858,-0.2980646145843794
1.9639999999998945,0.2461234844518354,-0.7291962876784885,-0.4025152554393123,0.055764303386320546,-0.4350789437236482,-0.2655579224538541
1.9649999999998944,0.24617917777355228,-0.729631972118922,-0.40277432414323106,0.0556221711774841,-0.43628521799891246,-0.25258319633143195
1.9659999999998943,0.24623472594979595,-0.730065764196578,-0.4030307856848203,0.055474013551986466,-0.4312950577106275,-0.2603419673658938
1.9669999999998942,0.24629012361170063,-0.7304916104495931,-0.40330494273698203,0.055321145164287225,-0.4203946466593842,-0.2879718371275918
1.967999999999894,0.24634539939938307,-0.730918092356486,-0.4035697962495229,0.055230265307086995,-0.4325633619375994,-0.24174102960604893
1.968999999999894,0.24640058123671016,-0.7313535139114584,-0.40379922671841306,0.05513324534663131,-0.43827455679883986,-0.21712484535697235
1.9699999999998938,0.2464556617306973,-0.7317910400441383,-0.4040160421753007,0.055027578227857615,-0.43677328187261305,-0.2165096804064793
1.9709999999998937,0.24651063233280915,-0.7322234621235653,-0.4042442435309112,0.05491346220377772,-0.4280674709988477,-0.23989453728143556
1.9719999999998936,0.24656548605313677,-0.7326439609327298,-0.40450663677059534,0.05479381845235111,-0.412928098777825,-0.28489027994408966
1.9729999999998935,0.24662025177168906,-0.7330608480776633,-0.4047771627282112,0.05473745930962273,-0.42084135275487256,-0.2561654928868909
1.9739999999998934,0.24667495945906928,-0.7334826999454591,-0.4050289347179425,0.05467775686123702,-0.42285819583234574,-0.24738120704220862
1.9749999999998933,0.24672960532447208,-0.7339034875990553,-0.40528231405515586,0.05461381624274643,-0.41871377001933946,-0.25937847990342405
1.9759999999998932,0.24678418585344858,-0.7343172467070607,-0.4055574716051272,0.05454708667976387,-0.40880220121889604,-0.29093514354450023
1.976999999999893,0.2468387319116014,-0.7347327192192611,-0.40582702720361075,0.05454487372611357,-0.4221375460290403,-0.2481807696274433
1.977999999999893,0.24689327369621386,-0.7351584605642928,-0.4060641729961188,0.05453854019622532,-0.4293404425340455,-0.22611463616534008
1.9789999999998928,0.24694780578430284,-0.7355879880505265,-0.4062906934447085,0.05452548020636142,-0.4297105639479645,-0.22692875091930695
1.9799999999998927,0.24700232143923592,-0.736014481252764,-0.4065294300783902,0.054505674399594556,-0.42327286187686486,-0.250544923652124
1.9809999999998926,0.2470568152012042,-0.7364315061461499,-0.4068020147775085,0.05448169769769493,-0.4107752498809362,-0.2946218116361717
1.9819999999998925,0.24711131731609728,-0.7368476858668955,-0.40708141619358973,0.05452237949110626,-0.4215795548122191,-0.26418427700122554
1.9829999999998924,0.24716585857789805,-0.737271836404058,-0.40733997570641833,0.054559991860354665,-0.42671748018384054,-0.2529369580490124
1.9839999999998923,0.24722043512898062,-0.73769810551803,-0.4075974589832875,0.054592958266197165,-0.42581749286805093,-0.26203023206071746
1.9849999999998922,0.24727504268715297,-0.7381205912610973,-0.4078737745087925,0.05462200770277897,-0.41915176498658696,-0.2905991492512792
1.985999999999892,0.2473297108793162,-0.738547942530016,-0.4081417377392507,0.054714225385028785,-0.4355454445600809,-0.24533193594138566
1.986999999999892,0.2473844679608865,-0.7389885064850127,-0.4083750729380323,0.05479978633043579,-0.44557769704459355,-0.22134222150583863
1.9879999999998919,0.247439305667294,-0.7394355280837631,-0.4085962781641785,0.054875473492305926,-0.44846145025741163,-0.2210707191876545
1.9889999999998917,0.24749421386815615,-0.7398818406568772,-0.40882911733552574,0.054940774518222595,-0.4441606250527721,-0.24460808222239513
1.9899999999998916,0.24754918328730866,-0.7403206185291722,-0.409096265024177,0.054997912360075674,-0.43339336790114774,-0.28968468301754824
1.9909999999998915,0.24760424033974815,-0.7407600490507769,-0.4093718456244349,0.05511604144597592,-0.44546299110542087,-0.26147963448479167
1.9919999999998914,0.24765941185078627,-0.7412085390862708,-0.4096292522240096,0.05522682886449076,-0.4515130220346579,-0.25333556716544403
1.9929999999998913,0.24771468970848945,-0.7416599214631356,-0.409888992150267,0.05532873413023028,-0.4512485049545556,-0.266144604677467
1.9939999999998912,0.24777006546250094,-0.7421080654593256,-0.4101714277409109,0.05542262258855288,-0.44503735313206355,-0.2987244272590242
1.994999999999891,0.2478255650132781,-0.7425614600436119,-0.41044959146350746,0.05557632711955511,-0.4617464704847868,-0.25760728431725133
1.995999999999891,0.2478811301684389,-0.7430223221544899,-0.41071100324253584,0.055553819436172096,-0.45997383509492135,-0.2652181401904994
1.9969999999998909,0.2479366680425774,-0.7434783722847512,-0.41099007333206505,0.05552176620896337,-0.4521235746090049,-0.2929215811723958
1.9979999999998908,0.24799220308132106,-0.7439378988541738,-0.41126038828670386,0.05554814942850612,-0.4669235639983882,-0.2477141778328428
1.9989999999998906,0.24804767558157895,-0.7444028185920301,-0.41151036573600003,0.055396677216916046,-0.46291134992806837,-0.25224426507341796
1.9999999999998905,0.2481029911638119,-0.7448604888858317,-0.41177554479567774,0.05523431476979333,-0.45242577023217817,-0.2781150811762971
2.0009999999998906,0.24815817318957464,-0.7453187821529556,-0.4120308388816501,0.055129566969273035,-0.4641543607753702,-0.2324801587021319
2.0019999999998905,0.24821316121310177,-0.7457792065719145,-0.41226600202881175,0.05484629851081217,-0.456689530691119,-0.23785093839420818
2.0029999999998904,0.2482678605692628,-0.746228767895566,-0.4125177662288682,0.05455223450264577,-0.4424293400627762,-0.26567979553677423
2.0039999999998903,0.24832229519673,-0.7466750567008782,-0.4127620519694065,0.05431684531966329,-0.4501417842252008,-0.22289937317273223
2.00499999999989,0.24837648907919507,-0.747125488139609,-0.41297537523075517,0.05407074493573662,-0.45071534484902037,-0.20375374514971598
2.00599999999989,0.24843043082679364,-0.7475726567276266,-0.4131822355895619,0.05381257537764631,-0.4436169836979294,-0.20997198084224264
2.00699999999989,0.2484841091595549,-0.748009023828891,-0.4134076101040294,0.05354391700589738,-0.42911355909533677,-0.240779558548455
2.00799999999989,0.24853751580857714,-0.7484277053537436,-0.4136744876538254,0.053269213695981345,-0.40824737800095384,-0.2929743827214166
2.0089999999998898,0.24859068098646256,-0.7488370877637192,-0.4139565750861416,0.05306097662653143,-0.4105125650135737,-0.27120474283262536
2.0099999999998897,0.24864363743735166,-0.7492460860502409,-0.41422596219601976,0.0528517617305429,-0.40747985655915747,-0.26757239951245976
2.0109999999998895,0.24869638431905036,-0.7496493733460807,-0.41450090094298675,0.05264184088403088,-0.39909148574051595,-0.28230612993795695
2.0119999999998894,0.24874895498239058,-0.7500557335510126,-0.41475397731633407,0.052499325648820885,-0.41362266636879297,-0.22385392675744875
2.0129999999998893,0.24880138080537775,-0.750473297450922,-0.41495984729231816,0.05235216182525044,-0.42149950897400756,-0.18789245312065214
2.013999999999889,0.24885365529586462,-0.7508948665267798,-0.415142723665689,0.052196659909021274,-0.4216337313436327,-0.17786562944803957
2.014999999999889,0.24890576976507225,-0.7513125612483632,-0.41532898792556744,0.052032118686511544,-0.4137517291588587,-0.19466647605248044
2.015999999999889,0.24895771637927563,-0.7517186501165887,-0.41554459436583324,0.05186095232201226,-0.3984233143071017,-0.2365471153028832
2.016999999999889,0.24900952420940253,-0.7521202322265471,-0.41576756490605016,0.05175455492724314,-0.40473597670398814,-0.20939889312075435
2.0179999999998888,0.24906122355154842,-0.7525246603522232,-0.41597514184657874,0.0516439763884968,-0.4041160680300414,-0.2057586704083711
2.0189999999998887,0.24911281015054332,-0.7529249583146534,-0.41619098163346185,0.051529069353826035,-0.39647660049544464,-0.22592264862577002
2.0199999999998886,0.24916428098200108,-0.7533144362642689,-0.4164378675031562,0.051412444847551295,-0.3824773125683334,-0.267847898199654
2.0209999999998884,0.24921567003479556,-0.7537012592700606,-0.4166905585973793,0.05136551312876827,-0.39116409108867156,-0.2375382941889704
2.0219999999998883,0.24926701210287489,-0.7540937785927924,-0.41692323044753615,0.051318476095534304,-0.39387058437693223,-0.22780829546915754
2.022999999999888,0.24931830652880838,-0.7544858655914536,-0.4171569310558244,0.05127022958018985,-0.390300266007961,-0.23959415437984105
2.023999999999888,0.24936955279136072,-0.7548714317552029,-0.41741258977262047,0.051222151867608076,-0.38082999540033863,-0.27172206320055653
2.024999999999888,0.24942078616624747,-0.7552589243509886,-0.4176640925927698,0.05124445419927647,-0.3941503329671457,-0.23128802651943206
2.025999999999888,0.2494720413022421,-0.7556566444350402,-0.4178857659651662,0.051265674389326964,-0.40128554952422385,-0.212062228989374
2.026999999999888,0.24952331587552085,-0.7560581002444069,-0.4180997740667552,0.05128332826038122,-0.4016225188215231,-0.21595611343214496
2.0279999999998877,0.24957460641522908,-0.7564565485587416,-0.41832905954007804,0.05129760797758849,-0.395271553307532,-0.24261483227111474
2.0289999999998876,0.2496259109670014,-0.7568457126942572,-0.4185950941628215,0.05131135615027683,-0.3830554782759847,-0.28945127187459935
2.0299999999998875,0.2496772649700506,-0.7572342784998515,-0.41887095100602945,0.05139650958496704,-0.3940720111834003,-0.26226503201613327
2.0309999999998873,0.24972870458921193,-0.7576312027965552,-0.4191288195180185,0.05148258872663759,-0.39977304350089893,-0.25347353032602815
2.0319999999998872,0.24978022997603924,-0.7580310167470721,-0.41938756135189875,0.051568045306848,-0.39985208133603606,-0.26401009560266614
2.032999999999887,0.24983184085184246,-0.7584282467363161,-0.4196660259885397,0.05165356846765313,-0.3946061103252614,-0.2929168755109673
2.033999999999887,0.2498835721690364,-0.7588318123710007,-0.4199364275141733,0.051808926341032305,-0.41252022232237545,-0.2478903082479519
2.034999999999887,0.2499354572441992,-0.7592503245763594,-0.4201718946596721,0.05196108424843513,-0.4244997806666215,-0.22304725009619988
2.035999999999887,0.24998749103493076,-0.7596774358617117,-0.42039388345585654,0.0521063559577278,-0.42971905579207315,-0.22093239253895394
2.0369999999998867,0.25003966613774753,-0.7601063282307174,-0.42062528226295126,0.05224370748326935,-0.4280628601307659,-0.2418653819937891
2.0379999999998866,0.2500919754690988,-0.7605304289579282,-0.42088817034786374,0.05237481466418988,-0.42013700193544606,-0.2839081058769465
2.0389999999998865,0.2501444484926747,-0.760957894024846,-0.4211569262308653,0.05257109226494432,-0.4347886037241541,-0.2536067145181134
2.0399999999998863,0.2501970307195186,-0.7613909566682953,-0.42141930182392034,0.052593210560560405,-0.43133362897528993,-0.27114489030131667
2.0409999999998862,0.2502496663363134,-0.7618316006307648,-0.4216637932576678,0.0526778738480499,-0.44994826576376734,-0.21784434229904656
2.041999999999886,0.25030229702214396,-0.7622812198176623,-0.42188071183758447,0.05258333594903892,-0.44928539375781573,-0.21599723107260105
2.042999999999886,0.25035482737875997,-0.7627265544734615,-0.4221077896657852,0.052477215221835294,-0.4413802259157604,-0.23816078667124985
2.043999999999886,0.2504072472322675,-0.7631607196273891,-0.42236792841722715,0.05236233260840099,-0.4269477380533072,-0.282116001658304
2.044999999999886,0.25045958434395754,-0.7635916584535378,-0.42263607624911886,0.052311733868534466,-0.4349247464092577,-0.2541844343986759
2.0459999999998857,0.25051186753987736,-0.7640275662898448,-0.4228863889179294,0.05225450105665912,-0.43688645445782737,-0.24644445765686046
2.0469999999998856,0.250564089754914,-0.7644623124628812,-0.4231394242121675,0.05218977235916704,-0.43260230470148997,-0.25962791907567306
2.0479999999998855,0.2506162442980551,-0.7648898621313993,-0.42341544957499666,0.052119159431027254,-0.4224945775483483,-0.2924220597570924
2.0489999999998854,0.2506683611891611,-0.7653186666785194,-0.42368783722519404,0.05211446888322801,-0.4351089731305262,-0.25235869019709406
2.0499999999998852,0.2507204138043028,-0.7657530226936453,-0.42393953729329237,0.05199060081333337,-0.4335986916900049,-0.25104492619827173
2.050999999999885,0.25077233922244807,-0.7661828319912973,-0.4242001251736856,0.05186007608060217,-0.42601650765891375,-0.2701323056024804
2.051999999999885,0.2508241661046503,-0.766616082547333,-0.424444444034785,0.05179353142939763,-0.440478306743707,-0.21851270943385717
2.052999999999885,0.2508758373908826,-0.767054242657613,-0.4246626451444811,0.05154887292105014,-0.4358369893303218,-0.2178947341079861
2.053999999999885,0.2509272593688877,-0.7674842566522805,-0.4248919368337614,0.05129491625192039,-0.4241871467613128,-0.24069169421939784
2.0549999999998847,0.250978424499534,-0.7678995037687827,-0.4251545478851845,0.05103518261377514,-0.40630461114858624,-0.2845302883851286
2.0559999999998846,0.25102936417258287,-0.7683082010160984,-0.4254247545463399,0.05084400341386913,-0.4110846128161602,-0.2558884297737342
2.0569999999998845,0.251080111382552,-0.7687188456502221,-0.4256759884253373,0.050650257806711924,-0.41020009688735015,-0.2465834802169585
2.0579999999998844,0.2511306633186735,-0.769125653738974,-0.42592798233344475,0.050453457319348485,-0.40341240200619005,-0.257406736133639
2.0589999999998843,0.25118101786948693,-0.7695229151578148,-0.42620028109384955,0.0502554905123871,-0.3911078587072763,-0.28719072369870646
2.059999999999884,0.25123121019392614,-0.7699193203362039,-0.4264658300043058,0.05012900507603507,-0.40169693613231133,-0.2439131421636319
2.060999999999884,0.2512812751073855,-0.7703233762574253,-0.42669816755235984,0.050000669723522025,-0.4064099775831559,-0.22076699399481411
2.061999999999884,0.2513312095660805,-0.7707288637598626,-0.42691851434650124,0.049868095798993435,-0.40456086083800785,-0.21993026869999807
2.062999999999884,0.2513810094543828,-0.7711292235669073,-0.42714918473127655,0.04973153013237897,-0.39615556820782727,-0.24141214042344383
2.0639999999998837,0.2514306722278552,-0.7715182485926102,-0.4274114172154591,0.049593870026783275,-0.38189256799824295,-0.2830515188446781
2.0649999999998836,0.2514802338369769,-0.7719044460797027,-0.42767884984007,0.04952920199409251,-0.39049765861499824,-0.25181809810857864
2.0659999999998835,0.25152973104161114,-0.7722964921113838,-0.4279245940908951,0.049465061921961526,-0.39359028901740517,-0.23967366264604822
2.0669999999998834,0.2515791636880292,-0.7726886920189299,-0.42816831524315924,0.04940008636107567,-0.3908062039569746,-0.24777032712895194
2.0679999999998833,0.2516285314532485,-0.7730753000649734,-0.42842984885082586,0.04933530174617577,-0.3824075829598402,-0.2752963139638818
2.068999999999883,0.251677870695988,-0.7734648228204061,-0.42868285799125694,0.04934304164598929,-0.3966327246222487,-0.2307272820891983
2.069999999999883,0.25172721666587183,-0.7738654901090136,-0.4289018581352727,0.04934875625719365,-0.404697241168679,-0.20727737477558797
2.070999999999883,0.25177656584065466,-0.7742707745095184,-0.42910911491202075,0.04934945054830607,-0.40586767166082666,-0.20723925508563754
2.071999999999883,0.25182591309204017,-0.7746737775153714,-0.42932805109093175,0.04934490950775016,-0.40013541407001985,-0.23063418335686367
2.0729999999998827,0.2518752544757379,-0.775067954909772,-0.4295809735102742,0.04933771811716058,-0.38821773441620955,-0.2752087466690907
2.0739999999998826,0.2519246245504884,-0.775461481262315,-0.4298425373976775,0.04940229253203524,-0.39883058015252615,-0.24792251411123092
2.0749999999998825,0.2519740585581743,-0.7758627679938821,-0.43008662535248515,0.04946558385211435,-0.4037391220763376,-0.2402557323477736
2.0759999999998824,0.2520235545298129,-0.7762659793299974,-0.43033325792088756,0.04952622046852524,-0.4026806019082059,-0.2530100789048219
2.0769999999998823,0.2520731103399213,-0.7766653323245503,-0.430602268145861,0.04958526250298776,-0.39602349395160347,-0.28500865390063596
2.077999999999882,0.2521227608321905,-0.7770693694086387,-0.43086705172658313,0.049715584455428334,-0.41204574522539106,-0.24456289132386907
2.078999999999882,0.252172539732871,-0.7774864525470037,-0.43110152290941073,0.04984207876001439,-0.4221161739292669,-0.22438289525912014
2.079999999999882,0.2522224416528426,-0.777910296516328,-0.43132697391886954,0.049961621578794156,-0.4255681294586597,-0.2265212019118
2.080999999999882,0.25227245941452037,-0.7783342945087948,-0.431565668481571,0.05007376169476024,-0.42242518381459415,-0.25086796920038973
2.0819999999998817,0.252322621614589,-0.7787658535902137,-0.4317943944654634,0.05025050103131724,-0.4406875876586791,-0.20658929959100275
2.0829999999998816,0.2523728702871647,-0.7792060181530049,-0.43200468850438467,0.05024669336827306,-0.4396374533420602,-0.21400209990244043
2.0839999999998815,0.25242310980809785,-0.7796415807379833,-0.4322342433669836,0.05023219772146474,-0.4314847387829066,-0.24510861139073725
2.0849999999998814,0.2524733662581433,-0.7800795541163882,-0.4324609916418484,0.05028055578368418,-0.44445647644025793,-0.20839378028007238
2.0859999999998813,0.2525235804705566,-0.7805208492736192,-0.4326768281688627,0.050147709683024344,-0.4381297045400419,-0.22328291721065258
2.086999999999881,0.25257365693852657,-0.7809524039485745,-0.43291896377963235,0.05000506867786295,-0.4249767598041837,-0.260989216884565
2.087999999999881,0.25262362340159084,-0.7813816178239985,-0.43316412282464917,0.049927703854207195,-0.4334454625973752,-0.2293348467920695
2.088999999999881,0.2526735081923766,-0.7818159942507228,-0.4333887091253705,0.049841723507507346,-0.4353025880151839,-0.21984251464625193
2.089999999999881,0.2527233021972784,-0.7822487843028273,-0.4336153233916422,0.04974613166438338,-0.4302736253971255,-0.23338902165722727
2.0909999999998807,0.25277299670318976,-0.7826733203356446,-0.4338663285451476,0.049642727296744904,-0.41879573792147484,-0.2686216772072558
2.0919999999998806,0.25282262133930006,-0.7830973217867605,-0.4341174914705513,0.04960639497195677,-0.42920168954668547,-0.23370996198653143
2.0929999999998805,0.25287220581683817,-0.783528511367658,-0.434344562918361,0.049562409541541286,-0.4331726843567918,-0.2204375842754243
2.0939999999998804,0.2529217416703291,-0.7839602526610171,-0.4345698166051283,0.049509146092407995,-0.43030597187656044,-0.2300728223116782
2.0949999999998803,0.2529712201992516,-0.7843858598542328,-0.43481568753211164,0.04944776143781489,-0.42090560483553824,-0.26166964629188905
2.09599999999988,0.25302067055385474,-0.78481289213346,-0.4350584479471534,0.049452800559971144,-0.43315340484740356,-0.22385711191322497
2.09699999999988,0.2530700365607851,-0.7852428205993963,-0.43528829766544663,0.04927905501425152,-0.4266994154122156,-0.23584592180971878
2.09799999999988,0.2531192252697801,-0.7856631298352666,-0.4355408084716677,0.04909820693939308,-0.4139161260732895,-0.269176707706804
2.09899999999988,0.2531682673010159,-0.7860816169923851,-0.4357915412322571,0.04898570265775925,-0.4230524880675348,-0.232295262971885
2.0999999999998797,0.2532171934400033,-0.7865060452423422,-0.4360161767860348,0.048866422380211966,-0.4257990139689604,-0.21698114927318302
2.1009999999998796,0.2532659961277229,-0.7869298032123121,-0.43623698930418264,0.04873879978673587,-0.4217127867108111,-0.2246475976179568
2.1019999999998795,0.2533146676365695,-0.7873461903207357,-0.4364765578591919,0.04860406602097238,-0.41105840204168004,-0.2544908501744827
2.1029999999998794,0.25336323840534825,-0.7877626914425925,-0.4367115011212957,0.04853732329188139,-0.42193817624859686,-0.21540213904029296
2.1039999999998793,0.2534117385057248,-0.7881866574510187,-0.4369188604223796,0.04846272848395205,-0.42598886619263165,-0.1993218309687792
2.104999999999879,0.25346015915946946,-0.7886110196842707,-0.4371224020667818,0.0483784288820305,-0.4227314752424856,-0.20776528040531125
2.105999999999879,0.25350849123220903,-0.7890286077040282,-0.43734622578710186,0.04828556720908516,-0.41244156717022884,-0.23988359017727728
2.106999999999879,0.2535567639004926,-0.7894464586893194,-0.43756838955953625,0.04825962444156535,-0.42325494664770147,-0.2044500517060941
2.107999999999879,0.25360500616008247,-0.7898715553517461,-0.4377671146004953,0.04822474842065426,-0.42693362073393576,-0.19300500382406266
2.1089999999998787,0.2536532083446312,-0.7902965887586684,-0.43796693734721875,0.04817947293162808,-0.42312932016634064,-0.2066438117782618
2.1099999999998786,0.2537013608586286,-0.7907142873408824,-0.4381922813474895,0.048125408253227864,-0.4122651667127874,-0.24404491696076405
2.1109999999998785,0.25374949303236966,-0.7911317242302206,-0.43842108727044793,0.04813879665497981,-0.42260346410629485,-0.2135723068480163
2.1119999999998784,0.25379763447100306,-0.7915560633365232,-0.43863099334474,0.04814393664600383,-0.4260703060138189,-0.20624402845318543
2.1129999999998783,0.25384577635784195,-0.7919803162405337,-0.43884550706336517,0.04813969198869786,-0.42243196566160807,-0.22278583276923009
2.113999999999878,0.2538939102062078,-0.7923976274188508,-0.43908771288975385,0.04812786105517545,-0.4121880642134135,-0.26162556152907473
2.114999999999878,0.2539420666871322,-0.7928155271780505,-0.43933407100229005,0.04818496007385434,-0.4236064446594407,-0.23109554383045008
2.115999999999878,0.2539902144461838,-0.7932372922994625,-0.43957058997245596,0.0481104093259525,-0.4199200434426394,-0.24194513785980765
2.116999999999878,0.2540382847562933,-0.7936523438962972,-0.439828226054134,0.0480300638433092,-0.4101805062232974,-0.27332733751423294
2.1179999999998778,0.2540863098655876,-0.794068649680672,-0.4400820418501294,0.04802000991922575,-0.42242553994012105,-0.23431023979284174
2.1189999999998776,0.2541342362431645,-0.7944880924578241,-0.44032101648689054,0.047832590504205484,-0.4164559376890167,-0.24364262092638225
2.1199999999998775,0.2541819726606969,-0.7948985836747308,-0.4405794648815255,0.047640092196690895,-0.40452353793657814,-0.2732553271604219
2.1209999999998774,0.2542295523023327,-0.7953081598463089,-0.44083227758780963,0.04751904138319182,-0.41462299677299663,-0.23237690808088948
2.1219999999998773,0.2542770080804153,-0.7957247080867204,-0.44105482925623657,0.04739236526275344,-0.41846836496819645,-0.21273214281707148
2.122999999999877,0.25432433332400606,-0.7961416887067445,-0.4412692622337309,0.047257971963855436,-0.4154885782004567,-0.21613804497160913
2.123999999999877,0.25437152068798885,-0.7965523437826968,-0.44149843001189415,0.04711660698639098,-0.40581833301983533,-0.24219954690103568
2.124999999999877,0.2544186012726602,-0.796963907878306,-0.44171982381239655,0.047044417660155644,-0.41730409440217475,-0.20059496177576477
2.125999999999877,0.25446560544057256,-0.7973833879961723,-0.4419116527159021,0.04696377240653692,-0.4216510713391954,-0.18306868201831647
2.1269999999998768,0.25451252371676397,-0.7978033856310712,-0.4420988169540974,0.04687263260743732,-0.41833997001812545,-0.19126414281110726
2.1279999999998767,0.2545593461782049,-0.7982163766354191,-0.44230662657147835,0.04677214326067587,-0.4076389421796815,-0.2243570716163298
2.1289999999998765,0.25460610203435724,-0.7986289863139229,-0.4425145255788583,0.046739427491922864,-0.4175750470498473,-0.19144713089129106
2.1299999999998764,0.2546528205506223,-0.7990478413782011,-0.44270194797083956,0.04669746175499382,-0.4201304299359752,-0.1834026863733231
2.1309999999998763,0.25469949195319985,-0.7994654403611796,-0.44289414026797447,0.04664519871395822,-0.4150638024470256,-0.20098520309505702
2.131999999999876,0.2547461070124658,-0.7998744325076224,-0.44311588196088547,0.04658477649891127,-0.4029180094364252,-0.24249872259964433
2.132999999999876,0.25479269670507726,-0.8002818648487753,-0.44334529604067635,0.04659446981496819,-0.41194178608377374,-0.216334462940834
2.133999999999876,0.2548392928186007,-0.8006950040857751,-0.44355979963604314,0.046597617196734394,-0.41433252179829705,-0.21267648726121502
2.134999999999876,0.2548858884598271,-0.8011071567290822,-0.44378208493389504,0.04659352472650328,-0.40996952595025876,-0.23189600646345182
2.1359999999998758,0.2549325141385422,-0.8015253379451115,-0.44399033398660864,0.04665769642474914,-0.42638716264678345,-0.1846087891272901
2.1369999999998757,0.25497911266901796,-0.8019501631128708,-0.44417761189543264,0.04653921527432404,-0.423258697100424,-0.18995192898896987
2.1379999999998756,0.25502558748759,-0.8023681246966565,-0.44438278416525867,0.0464102727125573,-0.41266110299462444,-0.22039524028426252
2.1389999999998754,0.25507196694118844,-0.8027857031101744,-0.44458570387309115,0.04634849131540319,-0.42249010782196156,-0.18545095585219556
2.1399999999998753,0.25511819359163146,-0.8032033766684055,-0.44477989079455627,0.04610465457180682,-0.4128527776505192,-0.20292756207020746
2.1409999999998752,0.2551641725430614,-0.8036079177591738,-0.445003389296532,0.04585309604151148,-0.3962264807197361,-0.24407124224081875
2.141999999999875,0.2552099359053686,-0.8040064584827868,-0.4452340954492253,0.045673481658340814,-0.40084968176222757,-0.21734730181596013
2.142999999999875,0.2552555173377912,-0.8044063906923622,-0.4454491214438071,0.045489236506487014,-0.3990102232450717,-0.21270958356705028
2.143999999999875,0.25530091219135537,-0.8048012034412986,-0.44567072478289443,0.045300324875184074,-0.3906117179960682,-0.23050007632722846
2.144999999999875,0.25534615415465844,-0.8051980851174151,-0.4458767258572239,0.04518346071740744,-0.4031456598900437,-0.18150976466248
2.1459999999998747,0.25539127538962336,-0.8056037732484973,-0.446046375655023,0.045058867308923736,-0.408225315623794,-0.15779652076827008
2.1469999999998746,0.25543626684147747,-0.8060104671892191,-0.44620605065087454,0.04492389245943805,-0.4051580698431644,-0.16155886568615976
2.1479999999998745,0.2554811185192088,-0.806410092144014,-0.4463830141058363,0.044779318728337646,-0.39408841665021455,-0.19237128582754917
2.1489999999998743,0.255525860034548,-0.8068085750517184,-0.44655913152594423,0.04470357470384231,-0.4028720602121906,-0.15987020530767412
2.1499999999998742,0.25557052111913986,-0.8072118293261255,-0.4467163172147327,0.04461845502283267,-0.40363186480147467,-0.15450672044060904
2.150999999999874,0.2556150921186995,-0.8076117575071197,-0.4468819473664108,0.0445234031214195,-0.3962208127903215,-0.1767573617255032
2.151999999999874,0.2556595645570792,-0.8080005356722907,-0.44708255635527133,0.044421334617432306,-0.38133316434286296,-0.22446143166912502
2.152999999999874,0.25570397173487647,-0.8083848569088525,-0.4472976524633027,0.04439288745155997,-0.3873048613876152,-0.20573536823048164
2.153999999999874,0.2557483487846734,-0.8087718519070819,-0.4475053649192484,0.04436107803108858,-0.38668145007712146,-0.2096927157457476
2.1549999999998737,0.2557926925386544,-0.8091549856484324,-0.4477281890080421,0.044326296515758104,-0.37958334229170626,-0.23595653147670767
2.1559999999998736,0.25583703896217286,-0.8095416084969129,-0.44794355734202074,0.04436642038817318,-0.39365719439340485,-0.19478598429495417
2.1569999999998735,0.2558814228392698,-0.809938822606963,-0.44812965773491303,0.044401202277662075,-0.40076650245148937,-0.17741963206879963
2.1579999999998734,0.2559258375551315,-0.8103393908835954,-0.44831114181924675,0.044428095917372804,-0.4003663092725233,-0.18555196345318048
2.1589999999998732,0.2559702755491589,-0.8107359186763764,-0.4485131411484305,0.04444775841409452,-0.3926866057971135,-0.21844786868206037
2.159999999999873,0.25601476896211134,-0.8111350334048816,-0.44871528074048367,0.044538938504207544,-0.40553794047598096,-0.18583661897781933
2.160999999999873,0.2560593494789462,-0.8115433300234508,-0.4488972509207485,0.04462196382663038,-0.411051055890096,-0.17810794442752487
2.161999999999873,0.2561040081663126,-0.8119533368715337,-0.44908433916319374,0.04469527746786536,-0.4089592733616971,-0.19607108050949293
2.162999999999873,0.2561487361572474,-0.8123577060414205,-0.4493014183177462,0.04476057153491443,-0.3997769151064447,-0.23808709707623363
2.1639999999998727,0.25619356542066923,-0.8127633741848219,-0.44952701813542767,0.04489782654577731,-0.41155482711955854,-0.2131168184056287
2.1649999999998726,0.2562384603771122,-0.8131728148077145,-0.4497495430374732,0.044891948638073095,-0.4073231649773888,-0.2319350548235242
2.1659999999998725,0.25628338461249656,-0.8135883698018581,-0.44995778134864045,0.04495638874257094,-0.42378105775385244,-0.18454843041140265
2.1669999999998724,0.2563282813619705,-0.8140106714445517,-0.45014476431950196,0.04483696402483157,-0.420817733541366,-0.18942258322993022
2.1679999999998723,0.2563730533861574,-0.8144263053063218,-0.4503490934279532,0.04470693818675182,-0.41044659421677077,-0.21923846975904154
2.168999999999872,0.2564177298942685,-0.8148417193139876,-0.4505507483481586,0.04464593797358145,-0.42037577733646175,-0.18407834197590286
2.169999999999872,0.2564622536863506,-0.8152573703936947,-0.45074333421740403,0.044401494377328744,-0.41092211952140495,-0.2010982883417156
2.170999999999872,0.2565065290283729,-0.8156600815551592,-0.4509647633909208,0.04414904044859402,-0.39449723713132445,-0.2417621194711166
2.171999999999872,0.25655058876651043,-0.8160569100357057,-0.4511931899148687,0.043970292187289484,-0.39915440908277267,-0.2150973810722349
2.1729999999998717,0.2565944672811341,-0.8164551643805606,-0.45140600979671236,0.04378659351887355,-0.3973497417687914,-0.21054748388235006
2.1739999999998716,0.256638159599844,-0.8168483357747081,-0.4516255048088592,0.04359790117921465,-0.3889894665528871,-0.2284457318821577
2.1749999999998715,0.25668170011854524,-0.8172435344930824,-0.45182976190326285,0.0434829984421161,-0.4014019910900585,-0.18007629185262802
2.1759999999998714,0.25672512170718176,-0.8176474328955066,-0.45199825757309076,0.04336003999593241,-0.4063895311995802,-0.15692185643911236
2.1769999999998713,0.25676841498652647,-0.818052269720994,-0.45215727442484144,0.04322637776428635,-0.4032796335094767,-0.16111734838053246
2.177999999999871,0.25681156966882984,-0.818450025313937,-0.4523339318231513,0.043082845560008055,-0.3922281409767911,-0.19220079702823806
2.178999999999871,0.2568546161530268,-0.8188466070889785,-0.45251017572647256,0.04300998862904926,-0.400930079344304,-0.16029375569657056
2.179999999999871,0.2568975849955023,-0.8192479209492166,-0.45266796217734695,0.04292755986723734,-0.401693032957559,-0.15528476946093633
2.180999999999871,0.25694046635322837,-0.8196459594774095,-0.4528344110521908,0.042835017621315634,-0.3943803565333658,-0.1776168317928313
2.1819999999998707,0.25698325159011853,-0.8200329925012018,-0.45303578751067675,0.04273532010409044,-0.379683349152881,-0.2251369972576086
2.1829999999998706,0.25702597491373474,-0.8204157164031699,-0.45325160380723795,0.04271119660968078,-0.38575999801940153,-0.20650031102267566
2.1839999999998705,0.2570686723681139,-0.8208012595043461,-0.4534600092084711,0.042683580973302944,-0.3853225109207763,-0.21031379259866237
2.1849999999998704,0.2571113406380917,-0.8211831643993291,-0.45368327552359156,0.04265282840944558,-0.3784845742846828,-0.23622005764781698
2.1859999999998703,0.2571540165317896,-0.8215687659038371,-0.45389889359707386,0.04269883178688644,-0.39271324602649305,-0.19502209987989458
2.18699999999987,0.25719673560576206,-0.8219651443524111,-0.45408512754638886,0.04273918744407711,-0.4000391058885811,-0.17745077411807494
2.18799999999987,0.25723949089096526,-0.8223651219612212,-0.45426645834516227,0.042771252146627095,-0.3999123478700866,-0.18521440144116266
2.18899999999987,0.2572822743943972,-0.8227613537513436,-0.4544678755323547,0.04279562355834545,-0.39254853139005386,-0.21762133125926308
2.18999999999987,0.25732511880077225,-0.8231604171776131,-0.4546691638695196,0.04289306291206339,-0.4055733747578029,-0.18496082153532079
2.1909999999998697,0.2573679696597246,-0.8235629473307265,-0.45486353735063967,0.04280851703998731,-0.3994833180697494,-0.2037895452719153
2.1919999999998696,0.25741077143977364,-0.8239693508958431,-0.455044914059563,0.04279491118109748,-0.4133180307475997,-0.15897128026110954
2.1929999999998695,0.2574534669158215,-0.8243796394051285,-0.45520844410657824,0.04259589604036052,-0.4072544304085184,-0.1680946091262403
2.1939999999998694,0.25749595822230564,-0.8247799753471743,-0.4553942552088391,0.04238657265674676,-0.39341406636279985,-0.20353098359981334
2.1949999999998693,0.25753827629512477,-0.8251764625118437,-0.4555836228753894,0.04224943592659788,-0.3995548916821913,-0.1752112645929111
2.195999999999869,0.257580453001684,-0.8255753404678874,-0.4557574174765465,0.04210383876411276,-0.3981964182234889,-0.17238359175978302
2.196999999999869,0.25762247987939235,-0.8259690834462284,-0.4559412289761319,0.04194977782801216,-0.38928592090757685,-0.19524314879570764
2.197999999999869,0.2576643888988154,-0.8263638152035703,-0.4561163420544211,0.041868128861243574,-0.4001719602503143,-0.15499042082787468
2.198999999999869,0.2577062111682587,-0.8267654113142179,-0.4562648278333057,0.04177627551193313,-0.40301532136427376,-0.14198754059918864
2.1999999999998687,0.2577479357161507,-0.8271656420616396,-0.456414531465439,0.04167268335251192,-0.3974420923636831,-0.15742463809709267
2.2009999999998686,0.25778955187524616,-0.8275563327620303,-0.45659314328458767,0.04155949842879392,-0.3839364471875711,-0.19980133329956282
2.2019999999998685,0.25783109179765246,-0.8279435053248125,-0.45678232024610654,0.041520216879570936,-0.39040392310683497,-0.1785582010806149
2.2029999999998684,0.25787258905610977,-0.8283335003249563,-0.4569627158357257,0.04147416899356376,-0.38958208992919996,-0.1822372446645806
2.2039999999998683,0.25791403708881033,-0.8287190854734959,-0.4571590753775684,0.04142176526297771,-0.3815852369238419,-0.2104840235350896
2.204999999999868,0.257955470356586,-0.8291068108574333,-0.4573513946363881,0.041444644338762604,-0.39386038942081386,-0.17416068859172718
2.205999999999868,0.25799692261229124,-0.8295030884684486,-0.4575200837013393,0.04145973892099279,-0.398690363291944,-0.16322257264027845
2.206999999999868,0.25803838521009653,-0.8299003020732594,-0.45769105923855036,0.0414653263939883,-0.3957332245063583,-0.1787320833616955
2.207999999999868,0.258079849495516,-0.8302908917194368,-0.45789005156472856,0.041463114583712116,-0.3854436277263343,-0.21925361026192747
2.2089999999998677,0.25812134930997804,-0.8306814168984157,-0.4580969696699972,0.041536389652190094,-0.3956021174466647,-0.19458756535210656
2.2099999999998676,0.25816291910765543,-0.8310786433911179,-0.4582910427511954,0.04160307911656759,-0.3988469698952553,-0.19356230460054386
2.2109999999998675,0.2582045519690296,-0.8314756279000487,-0.45849599251695733,0.041662516016669246,-0.3951190836051817,-0.2163390590536976
2.2119999999998674,0.2582462811152195,-0.8318790059170139,-0.45869139960785665,0.041795653400932276,-0.4116316588381916,-0.17448127420808643
2.2129999999998673,0.2582880508623265,-0.8322891941401341,-0.45887112809667907,0.04174370498857647,-0.40874073778488396,-0.18498009621278047
2.213999999999867,0.2583297638228507,-0.8326928344534282,-0.45907375425064295,0.04168208036565528,-0.39853697756689577,-0.22027422668516033
2.214999999999867,0.25837145196351313,-0.833096419070714,-0.4592792486318906,0.041694070928585514,-0.40862711147718234,-0.19072061200431809
2.215999999999867,0.2584130603949626,-0.8335006300922713,-0.45948061208443325,0.041522650969452,-0.39979119304746924,-0.21201014095721668
2.216999999999867,0.2584545338502185,-0.8339060296312266,-0.4596712306757635,0.04142412485283203,-0.4110019275962224,-0.16923500601810212
2.2179999999998667,0.25849581599161586,-0.8343128778231824,-0.4598454512681013,0.04114001151339478,-0.40268980075274835,-0.17921233663511726
2.2189999999998666,0.2585368094809251,-0.8347077182369637,-0.4600422101642079,0.040846822326431664,-0.3869875730723644,-0.21430911061750285
2.2199999999998665,0.25857754754312945,-0.8350969821205456,-0.46024177863962196,0.04062916437398649,-0.39153466131050296,-0.184835271555193
2.2209999999998664,0.25861806458792647,-0.8354872361067021,-0.46042404406251813,0.040404787046567234,-0.38896856673028085,-0.1797016966715811
2.2219999999998663,0.2586583539087565,-0.8358713172606229,-0.4606135274621322,0.040173716779518656,-0.3791899706827221,-0.1992693415670156
2.222999999999866,0.25869845008197373,-0.8362555851483794,-0.46079085584064094,0.04001849842894569,-0.38933998596144714,-0.15539545525989032
2.223999999999866,0.2587383866723192,-0.8366460699625186,-0.4609377163907394,0.0398545494044719,-0.39162453135130243,-0.1383326594968043
2.224999999999866,0.2587781540588205,-0.8370346695511734,-0.4610816804396339,0.0396800887467199,-0.3855703677690442,-0.14960105237275637
2.225999999999866,0.25881774269424657,-0.8374132334854003,-0.46125050651561156,0.039497047804564575,-0.37155438097921145,-0.18805431598102224
2.2269999999998658,0.2588571865354531,-0.8377876390103279,-0.46142646050970043,0.03939050765893465,-0.37725176745200634,-0.16385995955709748
2.2279999999998656,0.25889652082012743,-0.8381639973383679,-0.4615910881070213,0.03927793334646429,-0.37546074324724676,-0.16540024435266545
2.2289999999998655,0.25893573972137696,-0.8385348541138131,-0.4617700274576367,0.03915974076482211,-0.36624965614098903,-0.1924814734071646
2.2299999999998654,0.2589748793858104,-0.8389064416597938,-0.46194447753210277,0.0391194657237043,-0.3769203321349963,-0.15642523473615608
2.2309999999998653,0.25901397545520105,-0.8392848602131086,-0.46209604967535917,0.039072548594266406,-0.37991234322488215,-0.14672457178796178
2.231999999999865,0.25905302062449315,-0.8396622879438684,-0.46225155115233896,0.03901766370070663,-0.3749395365159131,-0.1642823537804383
2.232999999999865,0.25909200805193966,-0.840031025095865,-0.46243741145608425,0.03895706595653575,-0.3625323888067496,-0.20743961868038713
2.233999999999865,0.2591309748534716,-0.8403975123642562,-0.4626341809219902,0.03897641745937365,-0.3704377915695223,-0.1861041966944449
2.234999999999865,0.25916995939360027,-0.8407685010802991,-0.46282141702887897,0.03899254185255667,-0.37153600958331057,-0.1883715922654739
2.2359999999998648,0.2592089584303376,-0.841137210676989,-0.4630226330128519,0.0390054105536017,-0.36588050480901035,-0.21406198716313102
2.2369999999998647,0.25924801033895956,-0.841510482664286,-0.46321707064772,0.03909828975796576,-0.3806585465932415,-0.17481910201411682
2.2379999999998645,0.25928715212702574,-0.8418949199596572,-0.46338468427161733,0.039185167170524796,-0.3882117536127929,-0.16041295077028922
2.2389999999998644,0.2593263765386235,-0.842283065689085,-0.4635510243874667,0.039263534244643225,-0.3880761970210372,-0.17227068132413773
2.2399999999998643,0.25936567553897183,-0.8426673918991097,-0.46374183637394384,0.0393343442471443,-0.38057380955772424,-0.20935438505324558
2.240999999999864,0.25940508396181683,-0.8430542788073303,-0.4639376801633564,0.03948238432250764,-0.3931954716398324,-0.18233808387811326
2.241999999999864,0.2594445490434478,-0.8434443415018756,-0.46413196631296255,0.0394476507179724,-0.3869267280913862,-0.20623695067579884
2.242999999999864,0.25948401739090243,-0.8438381138206567,-0.4643183344974632,0.03948892147699501,-0.40061254387757705,-0.16650614153219434
2.243999999999864,0.25952343430416563,-0.8442358741037352,-0.4644912045340817,0.03934477031045307,-0.3949039079919483,-0.17923889051963607
2.2449999999998638,0.2595627029619502,-0.8446242959942935,-0.4646892055176158,0.03919241155143607,-0.3819369392098422,-0.21676554521528738
2.2459999999998637,0.2596018582264061,-0.8450098928580846,-0.4648924144337589,0.0391179897085443,-0.38925171830862554,-0.18965862535157282
2.2469999999998636,0.2596409358602347,-0.8453993436540054,-0.4650803932750013,0.03903714907544044,-0.38964555236003945,-0.18630411651115789
2.2479999999998634,0.25967992926469685,-0.8457856839929911,-0.46527703716537033,0.03894953057623872,-0.383031747753353,-0.2069868737750558
2.2489999999998633,0.2597188735924025,-0.8461754095369497,-0.4654625000452518,0.03893900114123111,-0.39641377633799707,-0.16394614395609497
2.249999999999863,0.25975771480118454,-0.8465688188703583,-0.4656311811415222,0.03874328110013324,-0.3904005666183688,-0.17342159143442393
2.250999999999863,0.2597963563056911,-0.8469525387841884,-0.46582191439721554,0.03853959359575029,-0.3770360827278221,-0.20804808780954973
2.251999999999863,0.2598348333378663,-0.8473329377356228,-0.46601530189247053,0.03841434296765757,-0.3837565968044146,-0.17873376146992617
2.252999999999863,0.25987318191368963,-0.847716488357332,-0.4661916367720098,0.03828267975668795,-0.38334017418422245,-0.17394160806438247
2.253999999999863,0.2599113954523381,-0.8480959960921177,-0.4663756348879058,0.03814426825258791,-0.3756717619273041,-0.19405842398785833
2.2549999999998627,0.25994950941471984,-0.8484776958305797,-0.4665483783833772,0.038083533480109864,-0.387722156803764,-0.15143606895643597
2.2559999999998626,0.25998752570607936,-0.8488653460090012,-0.4666968168990188,0.037948920398684985,-0.3875735063038604,-0.14544726967316615
2.2569999999998624,0.2600254024488612,-0.8492488222883899,-0.4668529949066859,0.0378044349757328,-0.37937528625246175,-0.16691334260751994
2.2579999999998623,0.26006317218973235,-0.8496335765077346,-0.46700049534742033,0.03773492426448804,-0.3901276532983261,-0.1280951244573436
2.2589999999998622,0.2601008235395903,-0.850021949616012,-0.4671301274909824,0.0375676449761532,-0.386613959106392,-0.13117561656623727
2.259999999999862,0.26013830214847267,-0.8504026037456238,-0.46727716158086097,0.03738944140504313,-0.37469073028441496,-0.16289702561546374
2.260999999999862,0.26017564037350804,-0.8507807821617647,-0.467425895184526,0.03728688559163322,-0.3816609365796796,-0.13457727531107955
2.261999999999862,0.2602128711327097,-0.8511617985826578,-0.46756041829120504,0.03717450712514933,-0.3803674642341332,-0.13447492043159176
2.262999999999862,0.2602499846978981,-0.851537398522198,-0.4677089299086111,0.037052496303012106,-0.3708289440218294,-0.16255245189625744
2.2639999999998617,0.2602870144694306,-0.8519129216613623,-0.4678554727867597,0.03700692750573927,-0.38021222399917337,-0.13054019506936418
2.2649999999998616,0.2603239936826505,-0.8522936532195068,-0.46798426012507244,0.03695137658958332,-0.3812464631949789,-0.12704036587697948
2.2659999999998615,0.2603609121035247,-0.8526711948710538,-0.46812396243719884,0.03688534069041593,-0.37383331863477376,-0.15236847579873958
2.2669999999998613,0.2603977779653217,-0.8530429219785816,-0.4682845108613985,0.03684626167805488,-0.36961739707577246,-0.16873223185090233
2.2679999999998612,0.260434602225696,-0.8534068296643121,-0.4684738902258212,0.03680213880731789,-0.35819564291212014,-0.2100278374273805
2.268999999999861,0.26047142376762095,-0.8537694711718447,-0.46867233666257413,0.03684082999053755,-0.36708300210636935,-0.1868700409251516
2.269999999999861,0.2605082824241422,-0.8541376482515612,-0.4688592834140131,0.036876366559776726,-0.3692674958942447,-0.18702719789040373
2.270999999999861,0.2605451748444736,-0.8545046503410996,-0.4690580610292352,0.036908357157402275,-0.36473394045750474,-0.21052990147869674
2.271999999999861,0.2605821401609114,-0.8548772352774096,-0.46924819782504207,0.03702216301947129,-0.38043095823127093,-0.16974971623547405
2.2729999999998607,0.26061912770658047,-0.8552560208209915,-0.46942325341987495,0.03695280454968094,-0.3771363680897157,-0.18036572456042066
2.2739999999998606,0.2606560431425383,-0.8556280208879009,-0.46962098159809657,0.036877944280456355,-0.3668611032058637,-0.21509256922644326
2.2749999999998605,0.2606929247200106,-0.855999904276457,-0.4698211434638295,0.03688509267525203,-0.37690084871425633,-0.18523706471274745
2.2759999999998604,0.2607298108912444,-0.8563783997965042,-0.470003296575869,0.03688713018188736,-0.38008606444598414,-0.17907387426173932
2.2769999999998602,0.260766695997632,-0.8567565563457731,-0.4701914322688887,0.03688296188616509,-0.3762237848520741,-0.1972005345878548
2.27799999999986,0.26080361642968447,-0.8571407120045148,-0.4703663096415697,0.036957786902113605,-0.3920821645955709,-0.1525611072163977
2.27899999999986,0.26084051821751564,-0.8575309438538594,-0.470523107557118,0.036845661068711934,-0.38837733108403516,-0.16104009402253863
2.27999999999986,0.26087730328360226,-0.8579136637572982,-0.47070140430332424,0.03672434341895078,-0.37705937398510797,-0.195556528221435
2.28099999999986,0.2609140064841429,-0.8582948963775946,-0.4708829287579426,0.03668193668878047,-0.3854008224676718,-0.16749891970571493
2.2819999999998597,0.26095066318975235,-0.8586807640142626,-0.4710491007032864,0.036631351515273816,-0.386330140740529,-0.1648503010079155
2.2829999999998596,0.2609872650169838,-0.8590638174302739,-0.47122544818860657,0.036572178827898094,-0.37977332220441873,-0.18784819043473408
2.2839999999998595,0.26102384663056394,-0.859450021682095,-0.4713938865767617,0.036590930565123934,-0.3926298372226896,-0.14903562051926147
2.2849999999998594,0.2610603531751929,-0.8598392594471976,-0.4715502032007254,0.03642202874753053,-0.38584155106152346,-0.16360306048830728
2.2859999999998593,0.26109668650668416,-0.8602179547778728,-0.4717339516839546,0.036244505379314604,-0.3715461714325249,-0.20389680912261457
2.286999999999859,0.2611328827768224,-0.8605923171770908,-0.4719263078578552,0.036147912856653266,-0.3771737332502587,-0.1808218749390234
2.287999999999859,0.2611689796090361,-0.8609688279842027,-0.47210760500309085,0.03604562843189818,-0.3758437582029198,-0.18177740916877042
2.288999999999859,0.26120497145986354,-0.8613405531249783,-0.47230180878995937,0.03593795020000922,-0.3676033820062892,-0.20663318849247336
2.289999999999859,0.2612408966251483,-0.8617140525084461,-0.4724890326016641,0.03591226274892324,-0.37939010301484527,-0.16782141001343295
2.2909999999998587,0.2612767654463586,-0.8620938942923249,-0.4726540438740904,0.03582525742793303,-0.38028903612345405,-0.1622068240666594
2.2919999999998586,0.2613125433217143,-0.8624708982992019,-0.4728262797011578,0.035730370016095504,-0.37371546156250474,-0.18226879570968904
2.2929999999998585,0.26134826581289927,-0.8628509825946831,-0.47298787810441684,0.03571449563690793,-0.3864476949901865,-0.1409353909318592
2.2939999999998584,0.26138387858553513,-0.8632339191369035,-0.4731350567522109,0.03551092088313455,-0.3794211206113025,-0.1534277930304037
2.2949999999998583,0.26141928354159133,-0.8636059853562176,-0.4733079234404761,0.03529886344800413,-0.36470822245079326,-0.19230903906164756
2.295999999999858,0.26145451726856456,-0.8639731732296037,-0.47348843897066567,0.03516847002074578,-0.36966260328427003,-0.16872863239094874
2.296999999999858,0.2614896178488321,-0.8643417278469793,-0.4736577894402453,0.03503256894847755,-0.3674424809273423,-0.16997759668795845
2.297999999999858,0.26152458001459367,-0.8647045071384741,-0.47384071549985046,0.034891641227884754,-0.35811293777744935,-0.19587784103243863
2.298999999999858,0.26155944288333527,-0.8650678707251678,-0.4740180877179184,0.03483398075263184,-0.36860907525109454,-0.15887355061442754
2.2999999999998577,0.26159424497938244,-0.8654380213714453,-0.474171271484239,0.03477009395012021,-0.3716877409533493,-0.14749986552208633
2.3009999999998576,0.26162897930942275,-0.8658073778054713,-0.4743264160751044,0.034698447022917106,-0.3670214841842728,-0.1627937021433657
2.3019999999998575,0.261663681496045,-0.8661814914683902,-0.47446694159874936,0.03470581407359245,-0.38120045312721385,-0.11826476266099314
2.3029999999998574,0.2616982964712371,-0.8665596507996033,-0.4745907082689856,0.03452401112426626,-0.37511386808683034,-0.1292748419112326
2.3039999999998573,0.2617327246738899,-0.8669275951407734,-0.47473963435734684,0.03433226906067185,-0.36077160072935355,-0.16858132404780446
2.304999999999857,0.2617670015401492,-0.8672907304735158,-0.47489763631061827,0.03422134651611731,-0.36549427888983166,-0.1474291246785522
2.305999999999857,0.26180116411658405,-0.8676547528596658,-0.4750477355441262,0.03410368773188173,-0.3625464732000729,-0.1527745925761069
2.306999999999857,0.2618352061442558,-0.8680120819281892,-0.47521615758256924,0.03398024906090996,-0.35210866588568634,-0.18407267279596878
2.307999999999857,0.2618691666343389,-0.8683687548602744,-0.47538488801655593,0.033940618872793385,-0.36123237241415107,-0.15339460471483354
2.3089999999998567,0.2619030847208973,-0.8687308203655311,-0.4755358743327905,0.033895440012541266,-0.36289450101203957,-0.14858332375364286
2.3099999999998566,0.2619369544896699,-0.8690907472410347,-0.47569520376464564,0.03384398205689704,-0.35695599310223775,-0.17007917071964634
2.3109999999998565,0.2619708137349012,-0.8694543009273267,-0.4758457128203407,0.03387439927653448,-0.37014634034890787,-0.13094568866556752
2.3119999999998564,0.26200469883186817,-0.8698269702138044,-0.4759710876041407,0.03389568222342907,-0.37518782376852433,-0.11980971867350171
2.3129999999998563,0.26203859970482013,-0.8702004341924009,-0.4760998595897139,0.03390594808146286,-0.37173651714434613,-0.13773874048277873
2.313999999999856,0.2620725063943344,-0.8705664573395034,-0.476260280615794,0.03390731522201834,-0.3603073359237583,-0.1831053315125596
2.314999999999856,0.26210645573253466,-0.8709307642099587,-0.4764352539917848,0.033991252234177115,-0.3683022440573298,-0.1668462765815169
2.315999999999856,0.26214048608350726,-0.8712994754135381,-0.4766064056761607,0.03406933862409095,-0.3691167530320717,-0.17546059095150993
2.316999999999856,0.26217463472829977,-0.8716785564046527,-0.4767558126052125,0.034227845575243845,-0.38903986562733855,-0.12336024011165424
2.3179999999998557,0.26220884637485214,-0.8720674676372425,-0.47688071095456086,0.034195328133007775,-0.38877824005836337,-0.12644238028342594
2.3189999999998556,0.2622430190044241,-0.8724518824844119,-0.47702310743938836,0.034149809565240934,-0.3800480850915406,-0.15835464568206345
2.3199999999998555,0.2622771847126839,-0.8728368327006163,-0.4771679380082304,0.03418149344146316,-0.38984736993997937,-0.1313131259851977
2.3209999999998554,0.26231128679783644,-0.8732215931288907,-0.4773129793745149,0.034022550876780897,-0.3796697256267906,-0.15877461665087733
2.3219999999998553,0.2623452686670587,-0.8736054453286989,-0.4774559925055399,0.033941069952507556,-0.38802929966650046,-0.12725929125491217
2.322999999999855,0.2623790737024042,-0.8739876270968017,-0.477594886117741,0.033668871072597265,-0.376330064431316,-0.1505340408488585
2.323999999999855,0.2624126452880117,-0.8743672874581918,-0.4777278818205991,0.03347417963808416,-0.3829849686747111,-0.11546593719472634
2.324999999999855,0.262445959121885,-0.8747455641498633,-0.47784889475713827,0.03315335899568594,-0.3735637203667463,-0.12656728683450705
2.325999999999855,0.26247894698070473,-0.8751102786597537,-0.4779952119483692,0.032822230524944526,-0.3558617769024456,-0.16607208213976765
2.3269999999998547,0.2625116450557429,-0.8754667886640071,-0.47815094393575136,0.03257380054116339,-0.35715321423216995,-0.14539926964904823
2.3279999999998546,0.2625440918052645,-0.8758207896474818,-0.47829919117318953,0.03231957880001131,-0.35084454466837645,-0.1511012066793337
2.3289999999998545,0.2625762822377928,-0.8761647956127978,-0.47846599804011763,0.03206116774170681,-0.3371642328647874,-0.18251638467932157
2.3299999999998544,0.26260825805432786,-0.8765049375089159,-0.47863320138901116,0.03189035358217573,-0.34311465306570926,-0.15189727969101907
2.3309999999998543,0.26264006166198683,-0.8768473976406923,-0.47878250866182287,0.03171674907653486,-0.34180141952463383,-0.1467230628845945
2.331999999999854,0.2626716901530106,-0.8771848555575043,-0.47893956104369506,0.03154012021552841,-0.33311111215665395,-0.16738579884957866
2.332999999999854,0.26270318557463096,-0.8775232609516386,-0.47908686056242167,0.031450616665192416,-0.34369467783233243,-0.127220354189109
2.333999999999854,0.26273458893696944,-0.877868294880833,-0.4792077651392828,0.031355999486041106,-0.34636881937855113,-0.11459498538293623
2.334999999999854,0.262765894324061,-0.8782118707615788,-0.4793303794472315,0.03125466412134104,-0.3407793531894519,-0.13063849156195628
2.3359999999998537,0.2627970962018426,-0.8785459692001059,-0.4794826139947056,0.031148981682206436,-0.327415061479525,-0.1738330836595821
2.3369999999998536,0.26282823682817497,-0.8788764554298315,-0.47964729130716327,0.03113216779474256,-0.3335533468069394,-0.15552667759436972
2.3379999999998535,0.2628593601700534,-0.879209556943536,-0.4798060895292097,0.031114411494934473,-0.33264634793691644,-0.1620736094520682
2.3389999999998534,0.2628904656412268,-0.879538321799429,-0.4799835668237633,0.031096426720499493,-0.3248809959097832,-0.19288281129946466
2.3399999999998533,0.26292159866723763,-0.879869330458533,-0.48016027693433333,0.03116952555567201,-0.337132014698095,-0.16054278667268648
2.340999999999853,0.26295280417837863,-0.8802091126807343,-0.48031690349308864,0.03124139503351099,-0.34242874649290317,-0.15271465284066044
2.341999999999853,0.2629840801173666,-0.8805505844110927,-0.480478352867999,0.031310379677561714,-0.340511821020357,-0.17018691650846912
2.342999999999853,0.26301546823835853,-0.8808997564202432,-0.4806268788348023,0.031465764160078416,-0.35782747343555643,-0.12687108095003644
2.343999999999853,0.2630469185045903,-0.8812564127648812,-0.4807590180134032,0.031434658226803205,-0.3554815121937657,-0.13741208462729398
2.3449999999998528,0.26307833437163336,-0.8816068436446941,-0.4809151609332963,0.03139696545793063,-0.34537759283623837,-0.17487642281326946
2.3459999999998526,0.2631097556048778,-0.8819568172842928,-0.48107824935424315,0.031445397025656,-0.3545653313640787,-0.1513059573717747
2.3469999999998525,0.26314122263874995,-0.8823122838384523,-0.4812306299484399,0.03148856436291184,-0.3563641144104845,-0.15345959267756737
2.3479999999998524,0.26317273012924425,-0.8826658747765121,-0.4813979531973483,0.031526309209657946,-0.35081502493083727,-0.18118943075702626
2.3489999999998523,0.2632043182704472,-0.883023608467944,-0.48156230585601006,0.03164987121135216,-0.36464773986698734,-0.14752171538009018
2.349999999999852,0.26323593687699354,-0.8833855802516739,-0.48171910989417144,0.03158722892206683,-0.3592923789967124,-0.1660905321721141
2.350999999999852,0.26326753439353834,-0.883751638481925,-0.48186454425225833,0.031607697820786936,-0.372818870335929,-0.12478540566019053
2.351999999999852,0.26329905751905697,-0.8841212871201576,-0.4819958551307611,0.031438434773209796,-0.3664742785305643,-0.13784228506454638
2.352999999999852,0.26333040706792366,-0.8844806578469135,-0.48215379710665346,0.03126054507227013,-0.3522641901450172,-0.178045256693791
2.3539999999998518,0.26336162153671755,-0.8848354535202702,-0.48232141821867575,0.03116828213802597,-0.35732250126374926,-0.15720333808729794
2.3549999999998517,0.26339274107892985,-0.8851916775695298,-0.4824808338249319,0.03107069050348832,-0.3551217037495708,-0.16163292906256183
2.3559999999998515,0.2634237709380582,-0.885545134617766,-0.48264735466984543,0.0309889170003834,-0.3517887824797333,-0.17141319552284112
2.3569999999998514,0.26345476164289505,-0.8859048035411318,-0.4827934237502106,0.030992388074841122,-0.36754361229481314,-0.12073269292142415
2.3579999999998513,0.26348566110316224,-0.8862702764053045,-0.4829160729443352,0.03080641590950094,-0.3633976981633156,-0.12457227902878575
2.358999999999851,0.26351636991607247,-0.8866275189833229,-0.48305664611312066,0.030611092863477334,-0.3510840506145663,-0.15657869763356255
2.359999999999851,0.2635469255307199,-0.8869818018787847,-0.4831996217628523,0.030500027404903193,-0.35747681358303557,-0.12937970919784939
2.360999999999851,0.2635773661229174,-0.8873384891235903,-0.48332920185411976,0.03038104569066889,-0.3558934635629141,-0.12978646387714715
2.361999999999851,0.2636076839224136,-0.8876896219328254,-0.4834729488544037,0.030254441119227028,-0.3463688836050667,-0.1577117351961145
2.3629999999998508,0.263637917779633,-0.8880406224525832,-0.48361491933554784,0.030213168348530533,-0.3556273014270546,-0.12623606529527945
2.3639999999998507,0.2636681063906708,-0.888396864928727,-0.48373931994632013,0.030163945958764978,-0.35685346262412887,-0.12257098807906244
2.3649999999998506,0.2636982415171506,-0.8887502652858306,-0.48387412648088085,0.03010619739645477,-0.3499439325543906,-0.14704632191572273
2.3659999999998504,0.2637283608223823,-0.8891059857918344,-0.48400421395377385,0.030132310678364752,-0.36149223234213007,-0.11313535836632367
2.3669999999998503,0.2637584500995649,-0.8894657443731281,-0.48412228268293594,0.030046132846663524,-0.35802094847386245,-0.12300775569616036
2.3679999999998502,0.26378844882307295,-0.8898179648079563,-0.48426428534815696,0.02995120278865761,-0.34641698849830604,-0.1610011404997997
2.36899999999985,0.2638183955649131,-0.8901680095161076,-0.48441446243869224,0.029942176927329135,-0.3536679568522324,-0.13935908214635834
2.36999999999985,0.2638483299979727,-0.8905214744790273,-0.4845563119707088,0.02992658287670531,-0.3532582140989563,-0.14434482677228047
2.37099999999985,0.26387824580001984,-0.8908707687970223,-0.48471624044798445,0.029904914193991966,-0.34532763666616456,-0.1755150432770855
2.37199999999985,0.26390818368763896,-0.891221750544075,-0.4848769068879656,0.029970760005416586,-0.35663129782564384,-0.1458238082600704
2.3729999999998497,0.2639381841163078,-0.8915802732810388,-0.4850209567088392,0.030029993506352607,-0.3604102769410651,-0.14228073648887068
2.3739999999998496,0.263968239960531,-0.8919387474336526,-0.48517473060869987,0.030081589149104894,-0.3565349879503914,-0.16527035285369782
2.3749999999998495,0.2639983897442476,-0.892302761843399,-0.48532165272896816,0.030217878573158774,-0.37148902890280155,-0.1285801746422402
2.3759999999998493,0.264028580585152,-0.892671881170961,-0.485458793028785,0.030163691222092705,-0.3667459113490532,-0.1457053606344063
2.3769999999998492,0.26405875785797855,-0.8930453567111156,-0.485584185069406,0.030190749961049944,-0.3801998740298418,-0.10508623767261208
2.377999999999849,0.2640888650845498,-0.893422083992118,-0.4856969642459268,0.030023585274991597,-0.3732504062457593,-0.12047862186395517
2.378999999999849,0.2641187991776921,-0.8937876806458411,-0.48583948137318356,0.02984448320075741,-0.3579397931472558,-0.16455976522247961
2.379999999999849,0.2641485965316857,-0.8941473590497262,-0.4859963071408116,0.02975011556223524,-0.3614124103355093,-0.14909821245094293
2.380999999999849,0.26417829587946123,-0.8945067668621899,-0.48615065697491794,0.02964846921100223,-0.35739941415047727,-0.15960649000557348
2.3819999999998487,0.26420793581124763,-0.8948714877688224,-0.4862859567034405,0.029631290496407326,-0.3720368779518495,-0.11100097646078924
2.3829999999998486,0.2642374623348976,-0.8952407728836652,-0.4864002849076914,0.02942164045130704,-0.3665288459298443,-0.11766240835369045
2.3839999999998485,0.26426677367901347,-0.8956003737560335,-0.48653564370200847,0.02920093102904379,-0.35266944503609304,-0.15306012628199636
2.3849999999998484,0.26429590677651515,-0.8959553820847824,-0.4866770657830294,0.029065155791540842,-0.3573423080841952,-0.12979125332001953
2.3859999999998482,0.26432489991994285,-0.8963110963642292,-0.4868089574759815,0.028921020835425772,-0.35408209412587677,-0.13399814843583194
2.386999999999848,0.2643537452204773,-0.8966596596447715,-0.48695856973055873,0.028769469710076868,-0.34304130505691066,-0.16523043267995632
2.387999999999848,0.26438248291697714,-0.8970066582490814,-0.48710945436205383,0.0287058198772197,-0.350951115651188,-0.13654563108667458
2.388999999999848,0.26441115362545764,-0.897357725902027,-0.4872450196214366,0.028635491428101328,-0.35118009687491686,-0.1345905850142613
2.389999999999848,0.2644397505443273,-0.8977051580690798,-0.4873920748066015,0.028558239511214063,-0.3436810405979429,-0.15952379141127385
2.3909999999998477,0.2644683139012162,-0.8980544856817986,-0.4875343638796446,0.028568374127484975,-0.3549693477294568,-0.12506113043843192
2.3919999999998476,0.2644968708368974,-0.8984103034784182,-0.4876578441052271,0.028545392857817955,-0.3566621099905564,-0.12190509165430331
2.3929999999998475,0.2645254002175107,-0.8987637560010717,-0.4877922115479178,0.028513261995693377,-0.350239666525308,-0.1468339825456353
2.3939999999998474,0.26455394005198085,-0.8991199752890596,-0.48792243773617144,0.02856630767605467,-0.3621941060056916,-0.11362506711925803
2.3949999999998473,0.2645824373722758,-0.899478182451761,-0.48804680283240304,0.028428221773685414,-0.35421648165360103,-0.13511052346365485
2.395999999999847,0.2646108383719847,-0.8998374236745678,-0.4881641370988896,0.028373674640159146,-0.3642608125632629,-0.09956563123338065
2.396999999999847,0.2646390884064962,-0.9001965506499955,-0.4882738873544767,0.028126279276070518,-0.3539890154048356,-0.11994140593871018
2.397999999999847,0.26466713221659666,-0.9005542205215458,-0.48837613994983226,0.027961235107492335,-0.36134536602114,-0.08457215159815427
2.398999999999847,0.2646950042575889,-0.9009146803119237,-0.48845869191959645,0.027782737335116773,-0.35956949721304965,-0.08053936237727988
2.3999999999998467,0.2647226910321769,-0.9012687585918301,-0.4885530219568155,0.02759069979170442,-0.3485831980831801,-0.10812685915035775
2.4009999999998466,0.2647502269556778,-0.9016205428201369,-0.48864749805054997,0.027481044616371367,-0.35498029903363143,-0.08083294714095561
2.4019999999998465,0.2647776468532274,-0.901974148723338,-0.48873041744172,0.027358643986451475,-0.35222718901834266,-0.08501261609007359
2.4029999999998464,0.2648049383997509,-0.9023204983450674,-0.48883303849224485,0.027224340675135312,-0.34046866442019,-0.12023457631921124
2.4039999999998463,0.26483213818180207,-0.9026639833550926,-0.48894283215574347,0.02717512389964914,-0.34649681418847034,-0.09935942255180864
2.404999999999846,0.2648592839426595,-0.9030092111725212,-0.4890465943114616,0.02711629507720799,-0.34395496030519823,-0.10817052674411863
2.405999999999846,0.26488636668767834,-0.903347742655749,-0.4891736036924148,0.027049091269182413,-0.33310513631361627,-0.1458519357465075
2.406999999999846,0.264913426670521,-0.9036846886560478,-0.48930908208726465,0.02707077815379701,-0.34078260466068505,-0.12511070042815498
2.407999999999846,0.2649405051884369,-0.9040253936126789,-0.4894375020789163,0.027086158752504117,-0.3406237357607586,-0.13173399719789822
2.4089999999998457,0.26496759623957833,-0.9043621101764573,-0.4895859427967536,0.02709584374560533,-0.3328067755188796,-0.16515024994673871
2.4099999999998456,0.2649947423871101,-0.904700520686704,-0.4897377846368319,0.027196357510185742,-0.3440099796319113,-0.13853900761264548
2.4109999999998455,0.2650219861753804,-0.9050463717848025,-0.48987617050077875,0.027291122321446457,-0.3476885994875619,-0.13823723184086822
2.4119999999998454,0.2650493214935265,-0.9053921165192979,-0.4900274643698175,0.02737941545044841,-0.3437981181020654,-0.16435335816464094
2.4129999999998453,0.2650767895356651,-0.9057434032864018,-0.49017504737519224,0.027556575951014916,-0.3587709318098111,-0.13081843537314303
2.413999999999845,0.2651043397446485,-0.9060999567516396,-0.4903156152116466,0.02754373764048245,-0.3543326074581407,-0.15032158913688284
2.414999999999845,0.2651319200131581,-0.9064612588799158,-0.4904465949365595,0.027616701820385094,-0.3682666419401439,-0.1116448774030963
2.415999999999845,0.26515947647395893,-0.9068264885038153,-0.4905663393360398,0.027496109735792747,-0.3621886273511532,-0.12784981239728638
2.416999999999845,0.2651869535630536,-0.9071944893219134,-0.490674250419277,0.027457966749970544,-0.3738076397202267,-0.0879803939811843
2.4179999999998447,0.2652142941063681,-0.907563767447841,-0.49077079250813577,0.02722300481936333,-0.36474420176915323,-0.10511100403287987
2.4189999999998446,0.2652413933591524,-0.907919675283218,-0.49089927672956013,0.026975386148539757,-0.3470682505815811,-0.1518622547560249
2.4199999999998445,0.26526828880264414,-0.9082671516100203,-0.4910452799118293,0.026815395648509995,-0.34787987511284707,-0.1401507998316649
2.4209999999998444,0.265295021059778,-0.9086116804754842,-0.4911926954299905,0.026649012458208516,-0.34117416266367223,-0.15468543602920234
2.4219999999998443,0.26532163144992216,-0.9089588135960427,-0.4913252303081865,0.02657166867536643,-0.3530867659563881,-0.1103922911809913
2.422999999999844,0.26534806889337265,-0.90930793073088,-0.49144074961926865,0.026303108161189404,-0.3451432256702524,-0.12065315610470248
2.423999999999844,0.2653742339151134,-0.9096451133731911,-0.4915804288359879,0.026026826129879284,-0.32921887144694784,-0.15870991416443583
2.424999999999844,0.26540016854376053,-0.9099758003615686,-0.4917284364818226,0.02584233009621727,-0.33215047048788654,-0.13731233102642074
2.425999999999844,0.26542591674566585,-0.9103057164671765,-0.49186807942065236,0.02565397168181715,-0.32767786018458545,-0.14197922101879493
2.4269999999998437,0.26545152187419196,-0.9106403777372288,-0.4919833528957132,0.02555619043167636,-0.34163929766322254,-0.08857597559926308
2.4279999999998436,0.26547696038245583,-0.9109805683438646,-0.4920694456760537,0.02532072217493588,-0.33873733999370026,-0.08361708688484305
2.4289999999998435,0.2655021583678758,-0.9113134293159677,-0.49216593906632633,0.025075143174692418,-0.32698086974512414,-0.10937575545520754
2.4299999999998434,0.26552715468564897,-0.9116433356049822,-0.4922605170432221,0.024917395886053777,-0.33282689144090677,-0.07978777371929233
2.4309999999998433,0.2655519885298391,-0.9119746450676061,-0.49234094869408873,0.02475019287014852,-0.3297878388742758,-0.08108228107383031
2.431999999999843,0.26557665076353093,-0.912298509165127,-0.49243801916405106,0.024574173461182992,-0.31793703058313216,-0.11306384353815006
2.432999999999843,0.2656011819417364,-0.9126194224443325,-0.49253913163907875,0.024488090369353736,-0.3238851201973027,-0.08916778936479096
2.433999999999843,0.2656256235136828,-0.9129420152100446,-0.4926312761951586,0.024394958044461786,-0.3212966352921403,-0.09512707914160896
2.434999999999843,0.2656499689283191,-0.9132578447607056,-0.4927440211843675,0.024295774859715,-0.31035960368480614,-0.1303669007960832
2.4359999999998427,0.2656742616774344,-0.9135719012330612,-0.4928632515432698,0.024289634332796867,-0.31774924514667346,-0.1080996730285275
2.4369999999998426,0.26569854616060185,-0.9138893591641142,-0.49297426606145683,0.02427924038582125,-0.3171631591902191,-0.11393419989663742
2.4379999999998425,0.26572281843687867,-0.9142023236291793,-0.4931049100664889,0.024265219765359804,-0.3087632180485245,-0.14735686234434142
2.4389999999998424,0.265747124201629,-0.9145162764053743,-0.4932395001511938,0.024346223374196087,-0.319138340269312,-0.12182870508551734
2.4399999999998423,0.265771509314693,-0.9148367859979804,-0.4933620515088537,0.024423913636094474,-0.3218774649898859,-0.12327840785683038
2.440999999999842,0.2657959702667739,-0.9151562218018181,-0.49349951145496984,0.024497899930697602,-0.31699160608895616,-0.15164424888280775
2.441999999999842,0.26582055221144335,-0.9154801637527124,-0.49363579803654317,0.024665904257302182,-0.33088819995844365,-0.12093427259960782
2.442999999999842,0.26584529934261053,-0.9158141063166039,-0.4937550467491105,0.024828269379636298,-0.3369934134445792,-0.11756760012442637
2.443999999999842,0.26587020528950916,-0.9161501823280975,-0.4938848149030069,0.024983532995429797,-0.3351558794564669,-0.14197171475380618
2.4449999999998417,0.2658953114417614,-0.9164935802905754,-0.4940100961302973,0.02522868592186886,-0.351635782759155,-0.10859620367476545
2.4459999999998416,0.2659205665443493,-0.9168435402246637,-0.4941292555271534,0.025281421311067736,-0.34828080220214225,-0.12972692608491002
2.4469999999998415,0.26594591761807235,-0.9171990687715835,-0.49424134416866755,0.02542063523051736,-0.3627715857474126,-0.09445688379726301
2.4479999999998414,0.2659713099862446,-0.9175589258335627,-0.4943461459659471,0.025363997059695623,-0.35693878034323745,-0.1151523208837582
2.4489999999998413,0.2659966875458334,-0.9179216342987164,-0.4944441698944563,0.025391026379994762,-0.3684731259269369,-0.08090297169959486
2.449999999999841,0.26602199301874546,-0.9182855094161838,-0.49453656322972567,0.02521981023267708,-0.35927301678106405,-0.10389035574297534
2.450999999999841,0.26604716843472015,-0.9186487087442811,-0.4946249780085938,0.025130921972820446,-0.36712043247324655,-0.07294733846606062
2.451999999999841,0.2660721555579187,-0.9190092948279264,-0.49471138000247517,0.024843211728071888,-0.3540474803575427,-0.09986398908489649
2.452999999999841,0.2660968964948147,-0.9193653090843393,-0.494797840009954,0.024638559724975712,-0.3579757736624252,-0.07306460279183874
2.4539999999998408,0.26612135689876626,-0.9197162801528718,-0.49488311088391645,0.024282136262116307,-0.3439620275399896,-0.09748478353295832
2.4549999999998406,0.266145503282929,-0.9200617645340406,-0.494965918770075,0.024010530646924877,-0.34700143454164084,-0.0681398238840408
2.4559999999998405,0.2661693712186599,-0.9204056269724877,-0.49503545370914254,0.02372523621838977,-0.3407188046092606,-0.07093806539877427
2.4569999999998404,0.26619294770524793,-0.9207386198429445,-0.49512365768260874,0.023427631261589248,-0.32526322248390577,-0.105476249410892
2.4579999999998403,0.2662162711449244,-0.9210648936904209,-0.49521894674886785,0.023219152242992126,-0.32727980018266406,-0.08510942558408296
2.45899999999984,0.26623938182567625,-0.9213888561544653,-0.4953089735403469,0.02300211116816338,-0.32064115109824315,-0.09495065635459357
2.45999999999984,0.2662622722465154,-0.9217020187592238,-0.49542344583753467,0.02277863268123947,-0.3056810836132029,-0.13399846072437305
2.46099999999984,0.2662849869569934,-0.9220094343765074,-0.4955480770075225,0.02265069848097381,-0.30914598525362824,-0.1152701600401496
2.46199999999984,0.26630757250696035,-0.9223164797057554,-0.4956675872076848,0.02252031027449718,-0.30494120816016357,-0.12375534035833138
2.4629999999998398,0.26633007504408646,-0.9226284025966088,-0.4957671203655864,0.02248467946158612,-0.3188997899969407,-0.07531824082332336
2.4639999999998397,0.26635253788824276,-0.9229498810791239,-0.4958336132509707,0.02244092064072689,-0.3240529146875471,-0.05767419208252772
2.4649999999998395,0.2663749515756411,-0.9232718564882791,-0.49589865689983575,0.022386361954041874,-0.3198942375587286,-0.07241896955830286
2.4659999999998394,0.2663973063734214,-0.923585231792036,-0.4959939684655896,0.022323140455691656,-0.30685368907495125,-0.11820809551657363
2.4669999999998393,0.2664196449534783,-0.9238945669110695,-0.49610686673695137,0.02235393467293629,-0.3118128517463591,-0.10759366247774749
2.467999999999839,0.26644201239196985,-0.9242049162573694,-0.4962231011880944,0.022380855114586633,-0.30888284851596537,-0.12487922129864977
2.468999999999839,0.2664644539177877,-0.9245214060614612,-0.49632817463096285,0.022502115353211154,-0.3240924170058107,-0.08527380167955187
2.469999999999839,0.26648701253588264,-0.9248488037108282,-0.4964086796842316,0.022615035306886355,-0.33069904656187843,-0.07574179762856852
2.470999999999839,0.26650967882282967,-0.9251783485984276,-0.49649516763242924,0.02271744907197146,-0.3283875587312577,-0.0972385435180612
2.4719999999998388,0.26653249162168874,-0.9255141847541906,-0.49657611379138333,0.02290806635774542,-0.3432804654658711,-0.06465973089758263
2.4729999999998387,0.2665553967956617,-0.9258545033113057,-0.4966533900053392,0.022902185694698197,-0.337353145137907,-0.08989811721416262
2.4739999999998386,0.2665783390817574,-0.926197350056201,-0.496729292792902,0.02298229898581291,-0.34833583433233706,-0.06191411754673773
2.4749999999998384,0.26660126260821676,-0.9265407056689455,-0.49680629699411677,0.022864653204028425,-0.338371722694601,-0.09210031606307494
2.4759999999998383,0.2666241115672841,-0.9268825734159585,-0.49688680248160944,0.02283317341344724,-0.3453591487698715,-0.06891780381566591
2.476999999999838,0.26664687880601234,-0.9272240803096697,-0.4969661596796816,0.02270120453452284,-0.3376507773524232,-0.08980291833238839
2.477999999999838,0.26666955716518814,-0.9275663279580567,-0.49703980870045866,0.022655423231851837,-0.3468396616696068,-0.05750270570949766
2.478999999999838,0.2666920907094499,-0.9279072446068186,-0.4971104013449154,0.02241156192054561,-0.3349896045555822,-0.08368962490971377
2.479999999999838,0.2667144235044935,-0.9282446961468068,-0.4971808134110971,0.02225393472646054,-0.33990857710758277,-0.057142506974850404
2.480999999999838,0.2667365916173313,-0.9285823177386199,-0.4972410806817196,0.022082193462825132,-0.3353303080595923,-0.0633993298457597
2.4819999999998377,0.26675858163617056,-0.9289107206065484,-0.4973236845888451,0.021897745049388198,-0.3214720347276938,-0.10181416097067492
2.4829999999998376,0.2667804324969682,-0.9292339591648509,-0.49741741079761753,0.021803886710415596,-0.3250007626393546,-0.08564499936814744
2.4839999999998374,0.2668021851424806,-0.9295564297043423,-0.4975099867056205,0.021701311768442852,-0.31993668132711833,-0.0995124997043396
2.4849999999998373,0.2668238805676791,-0.9298825069218178,-0.497589219486644,0.021689453847733492,-0.332213010470399,-0.05896033199933865
2.4859999999998372,0.2668454898719339,-0.9302119243617614,-0.4976535942942561,0.02152905940133192,-0.3266178115787909,-0.06979612457295684
2.486999999999837,0.26686693347783047,-0.9305312405387816,-0.4977444996253571,0.021358056222792934,-0.3120114482906297,-0.1120195568751852
2.487999999999837,0.2668882528530398,-0.9308448260928337,-0.49784980015938834,0.021280606918094507,-0.31515559041070734,-0.0985877201351021
2.488999999999837,0.2669094918990079,-0.9311574833709101,-0.4979560160942296,0.02119739567213027,-0.3101556046911467,-0.11384917786104626
2.489999999999837,0.2669306947974564,-0.9314740473029222,-0.4980495723393817,0.021208318826986424,-0.32296767207474514,-0.0732702256501709
2.4909999999998367,0.2669519037519487,-0.9317989823455936,-0.4981180486442239,0.02120950356604025,-0.32689834336734724,-0.06368869666359807
2.4919999999998366,0.2669731081748719,-0.9321232643541371,-0.4981928877139739,0.021199252004717384,-0.32166227066896574,-0.0859947454858152
2.4929999999998365,0.26699434704091723,-0.9324507938623563,-0.49826342256036804,0.021278397742849564,-0.33339236601927813,-0.05508147011847332
2.4939999999998363,0.267015566699857,-0.9327795915528393,-0.498332179027566,0.02116082502978354,-0.3241994031197098,-0.082437499182499
2.4949999999998362,0.26703671314368566,-0.9331076184425445,-0.4984018668534967,0.02113197644096864,-0.331849884402127,-0.056945175846738125
2.495999999999836,0.26705782419832197,-0.9334385978181701,-0.49846234802581774,0.021090042081077003,-0.33010492753390047,-0.06402354576593049
2.496999999999836,0.2670788872636123,-0.9337632366992061,-0.49854587327073524,0.021035995483277142,-0.31916976586165496,-0.10303176127002557
2.497999999999836,0.26709994216486216,-0.9340856537670665,-0.4986410642683105,0.021073722459493915,-0.3256603304038497,-0.08735620579743018
2.498999999999836,0.26712103025688766,-0.9344102890860331,-0.49873551598853333,0.021102373637855575,-0.32360692041927536,-0.10155219457557242
2.4999999999998357,0.26714219243430215,-0.9347415371428445,-0.49881694554069095,0.021221900313203743,-0.33888463537252733,-0.06131354848644222
2.5009999999998356,0.2671633753845537,-0.9350776531110492,-0.49888706710503783,0.021143906062356804,-0.3333434841817242,-0.07893582497049643
2.5019999999998355,0.2671845072991295,-0.9354122628869117,-0.49896262945680175,0.021119833754741822,-0.3358718924696358,-0.07219541827890254
2.5029999999998354,0.26720560888134814,-0.9357448782749804,-0.4990471443408026,0.021083238052961056,-0.3293554406632898,-0.09683972529896952
2.5039999999998352,0.2672267186480586,-0.9360795478739776,-0.4991293633389197,0.02113621077902712,-0.3399792576939806,-0.06760502483085405
2.504999999999835,0.2672477827417649,-0.9364145083176985,-0.49921102229922215,0.020991879825564084,-0.32993799310733046,-0.09571893416133698
2.505999999999835,0.26726874724786087,-0.9367479788024977,-0.4992939149626406,0.020937044421803015,-0.33699835151601587,-0.07007365359092367
2.506999999999835,0.26728965041373764,-0.9370839535668521,-0.49936695515365,0.02086919530772756,-0.33494715231200367,-0.07601322410848568
2.507999999999835,0.2673104796879601,-0.937413410852515,-0.4994614509373804,0.0207892591755121,-0.32396428752134315,-0.11298322449297876
2.5089999999998347,0.2673312752279748,-0.937740690010789,-0.4995652470572457,0.020801735165952618,-0.3305898157855877,-0.09461530715405873
2.5099999999998346,0.26735207848872855,-0.9380703904108124,-0.4996653606526769,0.020804697396353298,-0.32880743238538424,-0.10561715624578859
2.5109999999998345,0.2673729301362594,-0.9384069883163008,-0.49974918115196454,0.02089851587178917,-0.3443836089660116,-0.06203089779257571
2.5119999999998344,0.26739377607743087,-0.9387487376117835,-0.4998183610859037,0.020793271290791338,-0.3391109590067088,-0.0763356650380333
2.5129999999998343,0.2674145103072992,-0.939080730592347,-0.4999173949465672,0.020675092266069145,-0.32487200465019916,-0.121736786577079
2.513999999999834,0.2674351730373003,-0.9394073921925535,-0.5000338203234101,0.020650280387222907,-0.3284471341737501,-0.11112002500427252
2.514999999999834,0.26745580716678113,-0.9397336497169612,-0.5001535947541519,0.020617889062885794,-0.32406460509200447,-0.12843360190972547
2.515999999999834,0.2674764560244066,-0.940064518607271,-0.5002623928946296,0.020679743295361725,-0.3376684815670488,-0.08916962712027711
2.516999999999834,0.26749706905057513,-0.9403989553152425,-0.5003596461511212,0.020546214730058365,-0.33120114639505444,-0.10534297191049743
2.5179999999998337,0.2675175939322732,-0.9407355809902542,-0.5004458403783328,0.020503462428342605,-0.3420452625253573,-0.06705321238445462
2.5189999999998336,0.2675379768436468,-0.9410727090850207,-0.5005224343173094,0.020262262023981858,-0.33220682666164586,-0.08614180555784831
2.5199999999998335,0.26755816296400736,-0.9414084030570394,-0.5005917003161338,0.020109889784870345,-0.33917608262920673,-0.05239847208976383
2.5209999999998334,0.2675780969996158,-0.9417405555633159,-0.5006564812411506,0.019758080753934173,-0.3251247187889052,-0.07717114636654417
2.5219999999998333,0.2675977239182634,-0.942066986339879,-0.5007199049589969,0.019495666252724118,-0.32773184813482775,-0.04968483602889374
2.522999999999833,0.2676170816150051,-0.9423912680088363,-0.5007723446289213,0.019219633607305532,-0.3208271090024789,-0.05520234939861548
2.523999999999833,0.26763615736538854,-0.9427040006943707,-0.5008464838763355,0.01893177259279877,-0.3046347735329695,-0.09308240082283566
2.524999999999833,0.2676549926922755,-0.9430091909495185,-0.5009314533659939,0.018738796288013223,-0.30574144149526283,-0.07686367014611013
2.525999999999833,0.26767363157459473,-0.9433112062300608,-0.5010152922171642,0.018538881523242127,-0.2982855032171815,-0.09082007127878275
2.5269999999998327,0.2676921184851624,-0.9436144209152585,-0.5010860552823261,0.018434860679798642,-0.30813927456694273,-0.05071344867785084
2.5279999999998326,0.26771049634139354,-0.9439228611148862,-0.5011329131652492,0.018320768864838605,-0.308737021121691,-0.043009224180104916
2.5289999999998325,0.2677287546103572,-0.9442271712168094,-0.5011885926649959,0.01819568302191355,-0.2998797260874787,-0.06835573144913602
2.5299999999998324,0.2677469345092422,-0.9445309839514728,-0.5012435412220505,0.01816403722799114,-0.30774153550834304,-0.041548094671255115
2.5309999999998323,0.2677650772476793,-0.9448379177993165,-0.5012882539269663,0.018121357620303313,-0.3061224315821708,-0.04788353264589982
2.531999999999832,0.2677831722379509,-0.9451385835571834,-0.5013555878586617,0.01806853863570491,-0.2952061467538685,-0.08678916000895304
2.532999999999832,0.26780126252766806,-0.9454369542396878,-0.5014349276258577,0.018111964712884263,-0.3015314739906367,-0.07189603679740991
2.533999999999832,0.2678193927697327,-0.9457373332120005,-0.5015146033333371,0.0181484400118654,-0.2992233235579926,-0.08746013265885036
2.534999999999832,0.2678376072939978,-0.9460440084835766,-0.5015829713662416,0.018280535836228316,-0.3141230539632827,-0.04928206621579405
2.5359999999998317,0.2678559480981959,-0.9463609062496332,-0.5016294868385356,0.018400994451451595,-0.3196687326008911,-0.04375463114193786
2.5369999999998316,0.26787440273019036,-0.9466785721158705,-0.5016870976066427,0.018508186882978242,-0.31565987239533017,-0.07147176315937466
2.5379999999998315,0.2678930100771255,-0.9470005352632824,-0.5017464289885841,0.01870643202611374,-0.3282624510762258,-0.0471967283788685
2.5389999999998314,0.2679117161424806,-0.9473245989129486,-0.501810780360639,0.018705610772929565,-0.3198616181454322,-0.08151129292117353
2.5399999999998313,0.2679304670950141,-0.9476486702779547,-0.5018830916202378,0.018796214829240016,-0.3282770343045459,-0.06311736546952856
2.540999999999831,0.26794927622447745,-0.94797496926496,-0.5019565076031859,0.0188219580785083,-0.32431752378644746,-0.08371995940071736
2.541999999999831,0.26796815654755934,-0.9483057179554056,-0.502024141109326,0.01893860976793728,-0.3371754566461671,-0.05155362209296968
2.542999999999831,0.26798705329858097,-0.9486388280264417,-0.502088830743675,0.01885480082899711,-0.3290410234771124,-0.07783184812341779
2.543999999999831,0.2680059110259288,-0.9489721095442561,-0.5021537228140457,0.018860571232072777,-0.3375174809913831,-0.051959424484951666
2.5449999999998307,0.26802467425615406,-0.9493033749983331,-0.5022219503330533,0.018665794400411936,-0.3250097179443279,-0.08450217955358198
2.5459999999998306,0.2680432882796205,-0.949630545330053,-0.5022963217300047,0.018562167228179955,-0.32932639997638946,-0.06424803434157024
2.5469999999998305,0.26806179211190434,-0.9499574610384809,-0.5023663302789939,0.01844540843969437,-0.3245010991960673,-0.07577564413757072
2.5479999999998304,0.2680801736351083,-0.9502751566355144,-0.5024632148849936,0.018317548191104115,-0.31088714334400136,-0.1179983151043149
2.5489999999998303,0.26809847593305325,-0.9505881570773976,-0.5025743588411092,0.018286966229344063,-0.3151097365140759,-0.10429569723937077
2.54999999999983,0.26811674438591765,-0.9509014015652595,-0.5026858451635717,0.018249855835251245,-0.3113759403228237,-0.11868186735425727
2.55099999999983,0.26813502438203496,-0.9512198335064532,-0.5027837398796314,0.018310059197117295,-0.32548335081061186,-0.07711448656352832
2.55199999999983,0.26815326651859134,-0.9515422738108489,-0.5028680624787859,0.01817412548322224,-0.31939349535985895,-0.09153695248981054
2.55299999999983,0.2681714193187367,-0.9518671525316208,-0.5029400628048076,0.01813139441210233,-0.3303591563725675,-0.05247131787037857
2.5539999999998297,0.26818942958995495,-0.9521925579246558,-0.5030020721845674,0.017889055645449823,-0.32044758980685817,-0.0715546892926861
2.5549999999998296,0.26820724307550875,-0.9525163188505127,-0.5030572659951701,0.017737832459611306,-0.32706942137065836,-0.03884102881993784
2.5559999999998295,0.26822489759816825,-0.9528418236254603,-0.5030966503404161,0.01757112534693547,-0.3239358053831588,-0.03993528659608719
2.5569999999998294,0.2682423779983263,-0.9531593505270041,-0.5031539454956145,0.017389584851708047,-0.3111144442003859,-0.07466142143953494
2.5579999999998293,0.26825972348912436,-0.9534724163517239,-0.5032198217686726,0.01730131606341156,-0.31501292824249844,-0.05709813721757111
2.558999999999829,0.2682769749658268,-0.9537848057279568,-0.5032841247968253,0.017201553199207572,-0.30976215254835865,-0.07151411102633796
2.559999999999829,0.2682941733077455,-0.9541002707685425,-0.5033368150632122,0.017195054584228247,-0.32116339660049437,-0.03387361844206491
2.560999999999829,0.26831126505961495,-0.9544165184218919,-0.5033815799745827,0.01698836055074422,-0.3113280064064375,-0.055663320857817715
2.561999999999829,0.26832819585795004,-0.9547310460077308,-0.5034227857265513,0.016873156917955653,-0.3177226021727812,-0.02675582542316656
2.5629999999998287,0.26834500386209525,-0.9550469928522805,-0.5034523621865868,0.016742767332230377,-0.31416699415675936,-0.03240435731204616
2.5639999999998286,0.268361674482987,-0.9553545025158448,-0.50350458438578,0.016598387951755764,-0.30084901986889595,-0.0720460145827732
2.5649999999998285,0.2683782483286691,-0.9556570781612779,-0.5035702883966645,0.016549226230552536,-0.3042983032635981,-0.05936843455405858
2.5659999999998284,0.26839476828505376,-0.9559586207086762,-0.5036390679458653,0.016490606231013293,-0.2987834443297985,-0.07819617646634716
2.5669999999998283,0.2684112777629595,-0.9562631206171199,-0.5037002378470539,0.016528276771417195,-0.3102121297055355,-0.044150234607595804
2.567999999999828,0.26842781881240974,-0.9565743396236843,-0.5037438180281326,0.016553744347250657,-0.3122220861770488,-0.04301632570480378
2.568999999999828,0.2684443789627707,-0.9568828348565663,-0.5038027905029027,0.01656647505973429,-0.3047652616441559,-0.0749337665378867
2.569999999999828,0.26846099930385187,-0.957192269458106,-0.5038674563994239,0.01667413372652056,-0.31410001980099905,-0.05440397305151576
2.570999999999828,0.268477721309154,-0.9575064388166352,-0.5039276694744721,0.016769798779222744,-0.3142352957273052,-0.06602747739371041
2.5719999999998278,0.26849453355121444,-0.9578162922237037,-0.5040151006594104,0.016854605075725,-0.30546899402525923,-0.10883856113137898
2.5729999999998276,0.268511479787759,-0.9581262012453072,-0.5041177280774887,0.017037795011696884,-0.3143455092173614,-0.09642119300652172
2.5739999999998275,0.2685286053075059,-0.9584409205072221,-0.504222274674439,0.017213168015371875,-0.315090119205646,-0.11267585212344694
2.5749999999998274,0.26854595471695075,-0.9587651966252038,-0.5043154316511557,0.01748558010019258,-0.33345792695497917,-0.07364387428171965
2.5759999999998273,0.26856347688142945,-0.9590976650346156,-0.5043977517803492,0.01755866535949084,-0.3314754739299044,-0.09100160723080841
2.576999999999827,0.2685811180687775,-0.9594365922230451,-0.5044708966641006,0.017723633103057194,-0.34637439704408146,-0.05529479813478408
2.577999999999827,0.2685988223820389,-0.9597799369075378,-0.5045374500455593,0.017684903567652552,-0.3403112040474465,-0.0778182863937968
2.578999999999827,0.2686165324689606,-0.9601254402586337,-0.5046006567971282,0.0177351890149713,-0.350690806795908,-0.04860255633283854
2.579999999999827,0.268634190216088,-0.9604707329621747,-0.5046640926656546,0.017580210715199815,-0.33989069186119003,-0.0782761497251554
2.5809999999998268,0.2686517376253826,-0.9608134544546056,-0.5047313125258873,0.017514522924373978,-0.34554754528982395,-0.05617135426280559
2.5819999999998267,0.2686691175615389,-0.9611513689268014,-0.504805491987479,0.01724525291008364,-0.3302775632602544,-0.09219461197367423
2.5829999999998265,0.26868627456405575,-0.9614824727713788,-0.5048891122625063,0.01706866569020421,-0.3319254332866139,-0.07505384534169132
2.5839999999998264,0.2687032482926415,-0.9618107875407803,-0.5049710314370227,0.01687870234800213,-0.32470011662368187,-0.088791382408521
2.5849999999998263,0.2687200787747253,-0.9621403229907356,-0.5050401800313447,0.016782181162667435,-0.3343657999885403,-0.04951397273108319
2.585999999999826,0.26873671155406725,-0.9624690416053544,-0.505099241424028,0.01648328503638127,-0.32306720705653647,-0.06861663762201353
2.586999999999826,0.26875309132983316,-0.9627946600834114,-0.5051517149896991,0.016276183798484726,-0.3281647667529018,-0.03633906429460608
2.587999999999826,0.2687691779617139,-0.9631157012200998,-0.5051994829688714,0.01589698720118242,-0.31391324022999756,-0.059205122898270165
2.588999999999826,0.2687849317219613,-0.9634306217179216,-0.5052447023481169,0.015610450999250047,-0.315922867164591,-0.031242306676183114
2.5899999999998258,0.26880039143228,-0.9637426524450369,-0.505279001706981,0.015308883852271256,-0.30813425240263487,-0.03736452693244919
2.5909999999998257,0.2688155430882164,-0.964042119194314,-0.5053361118120279,0.014994341288920276,-0.29079575812661207,-0.07686233070478789
2.5919999999998256,0.26883042966053955,-0.9643327352166203,-0.5054062820097579,0.014778726537272186,-0.2904321646469537,-0.06348515542004496
2.5929999999998254,0.26884509711654364,-0.9646186451070489,-0.5054784566656424,0.014556106954275127,-0.2813841578268917,-0.08087021903714667
2.5939999999998253,0.2688595925286009,-0.9649040977779237,-0.5055412969275292,0.01443464643317144,-0.2895168734105767,-0.04481744739580352
2.5949999999998252,0.2688739620502381,-0.9651931093616984,-0.5055842234049717,0.014304322536199746,-0.2885024584807152,-0.04104216529688109
2.595999999999825,0.2688881966957926,-0.9654764924779513,-0.5056396540283609,0.01416489197714233,-0.2782605990500051,-0.06982470153417299
2.596999999999825,0.2689023422389674,-0.9657581022213306,-0.5056975663165698,0.014126125757296668,-0.28495499770184535,-0.0460062015016162
2.597999999999825,0.26891644501686257,-0.9660418755684792,-0.5057476874433241,0.01407935778910782,-0.2825882947230884,-0.05424179437028616
2.598999999999825,0.2689304976624792,-0.9663188711239629,-0.5058216985268918,0.01402585988836268,-0.27140021238324763,-0.09378464389611031
2.5999999999998247,0.2689445490746988,-0.9665934895878961,-0.5059078771581663,0.014076898207389284,-0.27783326640892875,-0.07857787259989259
2.6009999999998246,0.2689586498460108,-0.9668704655209237,-0.5059934359119712,0.014124575412044964,-0.2761157308830632,-0.09254396051458091
2.6019999999998245,0.2689728500712335,-0.967154489659077,-0.5060657019021663,0.014275811713520733,-0.2919286284585866,-0.051993845916596955
2.6029999999998243,0.2689871970972737,-0.9674498334243401,-0.5061132793817331,0.014418172173697428,-0.2987553888733973,-0.0431665337701544
2.6039999999998242,0.2690016809244859,-0.9677473615744514,-0.5061683394426868,0.014549409742885088,-0.2962979525760652,-0.06695823133506312
2.604999999999824,0.2690163445665265,-0.9680507577012482,-0.5062212477092587,0.014777808669388786,-0.31049051736876376,-0.03886381448735694
2.605999999999824,0.2690311365198869,-0.9683578781996535,-0.5062753480276881,0.014806019985600735,-0.3037473357024087,-0.06934209398048151
2.606999999999824,0.26904600475576546,-0.9686665674115844,-0.5063339833626768,0.014930381518344802,-0.3136271691590636,-0.047934580575912523
2.607999999999824,0.26906093656007835,-0.9689771613479423,-0.5063948481889935,0.01493314816573481,-0.30755743498082616,-0.0738005276501959
2.6089999999998237,0.26907591913180606,-0.9692900307681456,-0.5064555038059131,0.015031924045216603,-0.3181772916693593,-0.047517066025513324
2.6099999999998236,0.2690909000536535,-0.9696031186159335,-0.5065188985851786,0.014929836827362881,-0.30799503805265926,-0.07927838906292585
2.6109999999998235,0.2691058272062843,-0.9699144351179547,-0.5065877634937607,0.014924394060840592,-0.3146337845535025,-0.058458154145765016
2.6119999999998234,0.2691207426161207,-0.9702278513424957,-0.5066516849017708,0.014906347266166775,-0.3121950500596168,-0.06939065737993237
2.6129999999998232,0.26913568741017374,-0.9705470887475964,-0.5067007124122098,0.014983170026951527,-0.3262752594718213,-0.028671387187644896
2.613999999999823,0.26915060674839864,-0.9708697211711188,-0.5067389180393219,0.014855422278389445,-0.3189856557084433,-0.04774700677669696
2.614999999999823,0.2691654440563862,-0.9711930102993824,-0.5067713556800976,0.014819118590297787,-0.32758801789446224,-0.01713587946896232
2.615999999999823,0.269180142014467,-0.9715140635753451,-0.5068035715135089,0.014576709540847223,-0.3145145445525419,-0.04730348747981556
2.616999999999823,0.26919464374800345,-0.9718300092758478,-0.5068410757734155,0.014426679660653552,-0.3173723381949228,-0.027712894795024944
2.6179999999998227,0.26920898722174763,-0.9721438696115602,-0.5068761676159721,0.014260185781437456,-0.31034435551365375,-0.04247808647919933
2.6189999999998226,0.2692231573940133,-0.9724459876947208,-0.5069425022146008,0.014080075819246496,-0.29388876763106875,-0.09019667707001272
2.6199999999998225,0.26923719790556394,-0.9727402776930368,-0.5070296450126259,0.01400087367409176,-0.2946874752275795,-0.08409504057446535
2.6209999999998224,0.26925115605562094,-0.9730312687374686,-0.5071252453733834,0.013915351217702465,-0.287291586628404,-0.10711055017938045
2.6219999999998223,0.26926508067737476,-0.9733237407497715,-0.5072161746712109,0.013933823598892222,-0.2976483053305806,-0.07475452046334993
2.622999999999822,0.2692790197990206,-0.9736223363690071,-0.5072897282760043,0.01394434747668036,-0.2995393282450488,-0.0723584682688585
2.623999999999822,0.2692929651498009,-0.9739185509082533,-0.5073759852320624,0.013946279555056314,-0.2928868662564556,-0.10015999398321192
2.624999999999822,0.26930696357029393,-0.9742168683843682,-0.5074627198202305,0.014050493524442645,-0.3037441576828722,-0.07331514158103822
2.625999999999822,0.2693210615273018,-0.9745217587906401,-0.507537721143827,0.014145348552897903,-0.3060332526677104,-0.07669275847685378
2.6269999999998217,0.26933530301467845,-0.9748373192180839,-0.507589915349989,0.014337560748883227,-0.325083209116226,-0.027702168141688587
2.6279999999998216,0.2693496341009789,-0.9751612467394213,-0.5076230140480967,0.01432453238771142,-0.3227679410116894,-0.038502004778521864
2.6289999999998215,0.2693639438112366,-0.9754780275346896,-0.5076836977489825,0.014294806030176459,-0.3107905988171944,-0.08287073362624693
2.6299999999998214,0.26937827243990614,-0.975791263333258,-0.5077623739127168,0.014362378029781799,-0.315677200552069,-0.07448752289987971
2.6309999999998213,0.26939266284733493,-0.9761050500832449,-0.5078478762013384,0.01441836026078568,-0.3118931767998251,-0.09652191604121922
2.631999999999821,0.2694071585385309,-0.9764236492673668,-0.5079284924080602,0.014572952278259343,-0.3253009828774618,-0.06471680659193459
2.632999999999821,0.269421708036717,-0.9767454434106068,-0.5080056663123116,0.014525962658499933,-0.3182838908241596,-0.08963673031114874
2.633999999999821,0.26943625894614476,-0.977068691587936,-0.5080812102282489,0.014575782496625842,-0.32820806585047624,-0.06145803485866981
2.634999999999821,0.2694507584148193,-0.9773915942066146,-0.5081571066638803,0.014423070032773384,-0.31759361135416725,-0.09034112579822416
2.6359999999998207,0.2694651537457995,-0.9777123648310332,-0.5082353039442647,0.014367515600213385,-0.3239431472152533,-0.06606080502451375
2.6369999999998206,0.2694793928840105,-0.9780292988603346,-0.5083175055863967,0.014110674630685055,-0.30992134045939035,-0.09834897715484504
2.6379999999998205,0.2694934249803432,-0.9783408371256678,-0.5084049914593269,0.01395344072946902,-0.31315068756772846,-0.07663037282024865
2.6389999999998204,0.26950729437114385,-0.9786513116895593,-0.5084858434981469,0.013785261061354803,-0.3077945921035284,-0.08508036566763519
2.6399999999998203,0.2695210448977135,-0.9789648983900663,-0.5085486660766488,0.013715720019202605,-0.31937399286427165,-0.04057272006356998
2.64099999999982,0.26953462421496494,-0.9792795841490086,-0.5085962502005326,0.013442830951760418,-0.30999338132300697,-0.05460330529688569
2.64199999999982,0.2695479781808024,-0.9795929590128981,-0.5086326724464683,0.013265026485900812,-0.31675153511874726,-0.01824952971249803
2.64299999999982,0.26956105168998196,-0.9799023455065407,-0.5086628946353874,0.012881906157298175,-0.30201724862393786,-0.04220324626506782
2.64399999999982,0.26957378977026497,-0.9802049560925595,-0.5086922903328513,0.012594179168144285,-0.3031992494706957,-0.01659664689332184
2.6449999999998197,0.2695862323185708,-0.9805037553553859,-0.5087135073094395,0.012290838659802713,-0.29439510992089807,-0.02584535073760598
2.6459999999998196,0.2695983650291059,-0.9807889259074757,-0.5087609067522947,0.011974502978073193,-0.2759426634157515,-0.06896011362996539
2.6469999999998195,0.26961023304393256,-0.981064090547126,-0.5088252077314975,0.01176145711872548,-0.274382765531548,-0.05964860795857805
2.6479999999998194,0.26962188519356717,-0.9813334125963442,-0.5088954826033562,0.011542771357137252,-0.264258149632169,-0.08090681761640832
2.6489999999998193,0.2696333720672998,-0.9816012727698608,-0.5089601654834475,0.0114309126168924,-0.27145819648896713,-0.048465646887554586
2.649999999999819,0.26964474389459364,-0.9818719258011492,-0.509008113924986,0.011312675453685406,-0.26984434146592745,-0.04743739040775283
2.650999999999819,0.2696559943760571,-0.9821365558058566,-0.5090707599661504,0.011188219423008147,-0.2594128205561364,-0.07785970397087497
2.651999999999819,0.2696671741351743,-0.9823994057839281,-0.5091370446561115,0.011171237867602872,-0.26628352984591297,-0.05471553588541162
2.652999999999819,0.26967833449445183,-0.9826648295462225,-0.5091955644050578,0.011149416719818414,-0.26456087871550565,-0.06232916859174214
2.6539999999998187,0.26968952545491,-0.9829369549121882,-0.5092356218445022,0.011232446540023385,-0.27968595449881917,-0.017791841431748737
2.6549999999998186,0.2697007937184046,-0.9832193656868209,-0.509248208305941,0.011304017398491961,-0.28513200586259235,-0.0073871031207365335
2.6559999999998185,0.2697121267243427,-0.983502221611649,-0.5092679522508852,0.011361926586929982,-0.28057669064868757,-0.03210637897082867
2.6569999999998184,0.26972356694156796,-0.9837884737673233,-0.5092877861906281,0.011518447511593387,-0.291923956891539,-0.007567275305790177
2.6579999999998183,0.26973515617566846,-0.9840810356555951,-0.5093007204091543,0.011659954246879767,-0.2931964787668998,-0.018306811628906416
2.658999999999818,0.26974687985251755,-0.984369962080479,-0.5093416066298807,0.01178732958537061,-0.2846537353682688,-0.06347012433371992
2.659999999999818,0.26975878156509336,-0.9846586707740792,-0.5094017871000611,0.01201603349170423,-0.2927604292585277,-0.05689558363719591
2.660999999999818,0.269770907020049,-0.9849510680826062,-0.5094710094256785,0.01223481034061651,-0.29203154912582374,-0.08155293360698919
2.661999999999818,0.2697833022242286,-0.9852512460358764,-0.509538372221377,0.01255553776932589,-0.30832075878698334,-0.05317768710184661
2.6629999999998177,0.2697959175757793,-0.9855574657097171,-0.5096059354798438,0.012675093283256942,-0.3041156868460099,-0.08195342907267596
2.6639999999998176,0.2698087024015209,-0.9858679243672178,-0.5096758989902542,0.012894492951798984,-0.31679780285881365,-0.05797924425033942
2.6649999999998175,0.2698216054817273,-0.9861808305757914,-0.5097503714130969,0.01291159094662819,-0.30901158056916134,-0.09097063944952787
2.6659999999998174,0.26983457567683844,-0.9864944789778359,-0.5098311558570788,0.013028730204364859,-0.318281243664831,-0.07060438379010149
2.6669999999998173,0.26984756239032676,-0.9868073142640102,-0.5099195537800869,0.012944617669994572,-0.3073862649578769,-0.1061966614993176
2.667999999999817,0.26986051606407097,-0.9871179827146285,-0.5100162235037365,0.012962658400326817,-0.3139465427475508,-0.08714928872445449
2.668999999999817,0.2698733884499859,-0.987425363333879,-0.5101210867386945,0.0127820335201894,-0.3008116328102414,-0.12258241234355768
2.669999999999817,0.2698861328719725,-0.9877285793582196,-0.5102333123795648,0.012706738103385353,-0.3056162057690563,-0.10187571550742865
2.670999999999817,0.2698987982522331,-0.9880326770970594,-0.5103387552749709,0.012623947980777237,-0.3025757329165625,-0.10901585252397439
2.6719999999998167,0.2699114326177046,-0.98834252007492,-0.5104238552457779,0.012644714928294927,-0.31710548307046327,-0.06119166609553106
2.6729999999998166,0.26992398661584605,-0.9886567009837633,-0.5104894704826272,0.012463202490735611,-0.311252346161812,-0.07004596108775842
2.6739999999998165,0.26993640798780644,-0.988973271977667,-0.5105381739025219,0.01237947076923259,-0.32188481149823767,-0.02736898620849239
2.6749999999998164,0.26994864215934133,-0.9892898308827887,-0.5105739879481669,0.012088789738223249,-0.3112287814802462,-0.044267268640455014
2.6759999999998163,0.2699606331932679,-0.9896036514876086,-0.5106019967492333,0.011893205204522223,-0.3164076397772811,-0.011758816683211956
2.676999999999816,0.2699723248049947,-0.9899118415060234,-0.5106278562512477,0.011489934053551835,-0.2999682070529984,-0.039968764605721886
2.677999999999816,0.26998366158963844,-0.9902115198184558,-0.5106572587222831,0.011183561766291652,-0.29938381121821206,-0.0188447047753783
2.678999999999816,0.26999468425342965,-0.9905056810466464,-0.5106827917349294,0.01086168932453271,-0.28893458209503614,-0.032229280341539795
2.679999999999816,0.27000537900288346,-0.9907846904605637,-0.5107382796739659,0.010527733318115124,-0.2690810887897837,-0.07875287380150148
2.6809999999998158,0.2700157933471829,-0.991052440602265,-0.5108136386026653,0.010300888733368475,-0.26641548121502295,-0.07197152767268075
2.6819999999998156,0.27002597909360476,-0.9913134527128913,-0.5108968653034929,0.010070537066342693,-0.25560573685346344,-0.09448718654265204
2.6829999999998155,0.2700359902024576,-0.9915725227213955,-0.5109751419950994,0.009951620312842803,-0.26253036139586533,-0.062072782840486666
2.6839999999998154,0.2700458804236921,-0.9918343422594215,-0.5110360091298551,0.009828759445624035,-0.2611053042356784,-0.059667402186618944
2.6849999999998153,0.2700556458000163,-0.9920905413928509,-0.511109553258777,0.009701929415730358,-0.2512902344441255,-0.08742558571683662
2.685999999999815,0.27006534010723227,-0.992345727735146,-0.5111836292283535,0.009686627640115962,-0.259078869713754,-0.06073218431282722
2.686999999999815,0.27007501733889566,-0.9926045322402008,-0.511246023009946,0.00966777550132382,-0.2585270433796169,-0.06406055369933338
2.687999999999815,0.2700847219138602,-0.992869520804025,-0.5112912092410464,0.009741318886817462,-0.27144634932825634,-0.02631787524108587
2.688999999999815,0.27009449514218714,-0.9931427544459389,-0.5113152312010781,0.009805077429361521,-0.27501754338052997,-0.021731780866013566
2.6899999999998148,0.2701043266259741,-0.9934148082639203,-0.5113514772581375,0.00985782612968851,-0.26908722781531236,-0.05076535387116118
2.6909999999998147,0.27011426294831026,-0.9936891691008886,-0.5113912655075429,0.010014761489083987,-0.2796309711936384,-0.028816597893170807
2.6919999999998145,0.27012435061503,-0.9939693855414279,-0.5114256807843031,0.010160509953503226,-0.2807988301558611,-0.04001903036169295
2.6929999999998144,0.2701345789296951,-0.9942462177173115,-0.511487426868105,0.01029605494334993,-0.27286319363913675,-0.08347687361585555
2.6939999999998143,0.27014499636892075,-0.9945237422917796,-0.5115658445286724,0.010538765744504039,-0.2821828563859344,-0.07336292888188038
2.694999999999814,0.2701556530980513,-0.9948064466227639,-0.5116489224638481,0.010774631176125867,-0.2832232793380099,-0.09279649876380194
2.695999999999814,0.2701665988255534,-0.9950988753579895,-0.51172440050401,0.011116767435030608,-0.3016305816082917,-0.05816461365562366
2.696999999999814,0.27017778621829774,-0.9953995828160468,-0.5117934727024911,0.011257950212783216,-0.2997813989558725,-0.07998440431176737
2.697999999999814,0.2701891657078948,-0.9957068675196693,-0.511858071671667,0.011500967391555837,-0.3147841170550625,-0.049219299384550115
2.6989999999998138,0.2702006859727166,-0.9960188393707851,-0.5119206625545514,0.011539488841385215,-0.3091563833197243,-0.07596790164906111
2.6999999999998137,0.2702122946273167,-0.9963335044861523,-0.5119839970528822,0.0116777542680365,-0.3201697719951388,-0.05070746468429611
2.7009999999998136,0.2702239388502536,-0.9966488561652168,-0.5120508330083671,0.011610614326668042,-0.3105302821125197,-0.08297032274918076
2.7019999999998134,0.2702355661310294,-0.9969629684447726,-0.5121236614366331,0.011643877989009357,-0.317690110026264,-0.06269331426856917
2.7029999999998133,0.2702471248567773,-0.997274079703907,-0.5122044490387166,0.011473494604587504,-0.3045291441403776,-0.09888781237815376
2.703999999999813,0.2702585649255893,-0.9975806633343612,-0.5122944368201006,0.011406572412942247,-0.30863392090117325,-0.08109475306483004
2.704999999999813,0.2702699325418312,-0.9978871591840481,-0.5123814183438647,0.011328586840722042,-0.3043542379813008,-0.0928743095089152
2.705999999999813,0.27028127360609555,-0.998197931452779,-0.5124534350160492,0.011353475322660489,-0.3171857073051633,-0.051166474039248275
2.706999999999813,0.2702925370558271,-0.9985112336884711,-0.5125124392766451,0.011173346774191713,-0.309414888004205,-0.06684917547016665
2.707999999999813,0.27030366994389615,-0.9988249635279268,-0.5125615181881914,0.011092360303802203,-0.3180401226278231,-0.03131659079627239
2.7089999999998127,0.2703146181246864,-0.9991367633117512,-0.5126045830099315,0.01080392111610605,-0.30555544197372936,-0.05482088028298552
2.7099999999998126,0.2703253271970706,-0.9994441468138648,-0.5126459922910229,0.010614152937272357,-0.3092069449688866,-0.028005908523563806
2.7109999999998124,0.270335837909813,-0.9997503188519163,-0.512677555383192,0.010407197972280261,-0.3031330331718447,-0.03512800747718228
2.7119999999998123,0.27034613403225216,-1.0000456800079387,-0.5127328384334838,0.010184970995861277,-0.28758599392484024,-0.07544444678440684
2.7129999999998122,0.27035626016873937,-1.000333925130773,-0.5128022056394138,0.01006723511802038,-0.2889003127525176,-0.06329678088102002
2.713999999999812,0.2703662638304442,-1.0006191834792277,-0.5128746854487739,0.009940019294110883,-0.2816130906010306,-0.08166866427726423
2.714999999999812,0.2703761934579759,-1.0009056962272318,-0.5129389777150785,0.009919173759281068,-0.29140822198482086,-0.046922804383508356
2.715999999999812,0.2703860963023871,-1.001197482656392,-0.5129844855399635,0.009886449041307767,-0.2921609249908079,-0.04409928507200386
2.716999999999812,0.27039596023533774,-1.0014854623365548,-0.5130432538647648,0.009841348159975213,-0.283795381600659,-0.07344278815447818
2.7179999999998117,0.270405831615743,-1.0017735017884912,-0.5131051734360722,0.009901351212303984,-0.29227968543788624,-0.05040258152006184
2.7189999999998116,0.27041575711480803,-1.0020655446409035,-0.5131598779459617,0.009949581418399155,-0.29180268023531314,-0.05901206200438375
2.7199999999998115,0.2704257818398174,-1.0023653070404726,-0.5131976952513709,0.010099809677607095,-0.3077179743812805,-0.016629027546373958
2.7209999999998113,0.27043585287053495,-1.002670309914362,-0.5132230980469557,0.010042180087410483,-0.3022840889287647,-0.034183377558166174
2.7219999999998112,0.27044591493660886,-1.0029777028665952,-0.5132417114894489,0.010081888535503564,-0.3124975690268338,-0.0030505901023198936
2.722999999999811,0.27045591153734216,-1.00328443669559,-0.5132597777408368,0.009911236812263306,-0.30096631187765854,-0.03308937809601792
2.723999999999811,0.27046578628307083,-1.0035874568123315,-0.5132835695342799,0.009838187893813096,-0.3050697075286634,-0.0145016293797929
2.724999999999811,0.2704755788071901,-1.0038895753622368,-0.5133062309490234,0.009746789022483372,-0.2991636514149534,-0.030828208086502516
2.725999999999811,0.2704853288003628,-1.004193586897532,-0.5133209756827394,0.009753134271217472,-0.3088551495016809,0.001331523070846598
2.7269999999998107,0.27049497996276367,-1.0044963832646816,-0.5133342785262682,0.00954911503203334,-0.2967337563998168,-0.02794488153757174
2.7279999999998106,0.2705044761097998,-1.0047948348009401,-0.5133527040608659,0.009443113059719403,-0.300165098728691,-0.008913720527631007
2.7289999999998105,0.2705138571863732,-1.0050916706148365,-0.5133697223335126,0.00931896964424909,-0.29350276775149337,-0.025129990856925907
2.7299999999998104,0.2705231065831734,-1.005377040415417,-0.5134198305561553,0.009179752454294319,-0.277233941366007,-0.0750920539316191
2.7309999999998102,0.27053227033944605,-1.0056546232256056,-0.5134935672113409,0.009147697579070387,-0.2779282272899537,-0.07238707366383693
2.73199999999981,0.2705414554044682,-1.005941341360958,-0.51353838872376,0.009222376153807757,-0.295503711213007,-0.017262871992913893
2.73299999999981,0.27055061213459025,-1.006235039240214,-0.5135578674065792,0.009091015938344998,-0.2918881677149471,-0.02170173967422053
2.73399999999981,0.2705596298852705,-1.0065202844471715,-0.5135987763300494,0.008944415095403167,-0.2785990700889977,-0.060122249427002145
2.73499999999981,0.2705685537192248,-1.0068005243898506,-0.5136524084816738,0.008903191040578667,-0.2818770788328202,-0.04714846542359088
2.7359999999998097,0.27057743107068816,-1.0070795824387984,-0.513708886800694,0.008851447193691589,-0.27623585067022177,-0.06581378723199842
2.7369999999998096,0.27058630993224575,-1.0073613668268968,-0.5137580724074717,0.008906218005200504,-0.28732898201780965,-0.032563876365045534
2.7379999999998095,0.27059523691415127,-1.0076495699696537,-0.5137904925228992,0.008947683158762808,-0.289073766659367,-0.03228246201154947
2.7389999999998094,0.27060419850812373,-1.0079348316072527,-0.5138391471236181,0.008975438965854957,-0.2814465996053992,-0.06503190466339027
2.7399999999998093,0.2706132406048542,-1.0082207941096517,-0.5138946921300104,0.009108695823633965,-0.2904747913799084,-0.04606387511475042
2.740999999999809,0.27062240971504214,-1.0085112637237401,-0.5139472360879234,0.009229461525748993,-0.2904613105601481,-0.05902921143167179
2.741999999999809,0.27063175115626437,-1.008809919590734,-0.5139872484233778,0.009453364105097218,-0.30684648682132115,-0.02100147170724287
2.742999999999809,0.2706412123239455,-1.0091143520191863,-0.5140189886183193,0.009468901827012498,-0.302014919276377,-0.04248516580947479
2.743999999999809,0.2706507386133396,-1.0094218781265023,-0.5140475420841464,0.009583615191018127,-0.3130332192998143,-0.014628400977494283
2.7449999999998087,0.27066027445616114,-1.009729698859354,-0.5140783331693525,0.009487996492581276,-0.3026047150882771,-0.04696055680207818
2.7459999999998086,0.27066976453199826,-1.010035068800755,-0.5141166128179558,0.00949208996280266,-0.3081310849768176,-0.029605723342483514
2.7469999999998085,0.2706791844277624,-1.0103372277721967,-0.5141630432693904,0.009347627992738028,-0.29618344127536994,-0.06326172290311341
2.7479999999998084,0.2706885113158071,-1.0106356576643125,-0.5142175398596674,0.009306083097773431,-0.3006722768217013,-0.0457384438768796
2.7489999999998083,0.27069778936860395,-1.0109339936630746,-0.5142706200673836,0.009249953931811305,-0.2959962148641981,-0.06042824987571767
2.749999999999808,0.27070706262696925,-1.0112358363284824,-0.5143129162077319,0.009296501497455272,-0.3076848402751421,-0.024171078967254168
2.750999999999808,0.2707162781952081,-1.0115387957249242,-0.5143485855153476,0.009134562238965227,-0.29823024549172905,-0.047174655622066665
2.751999999999808,0.2707253822528008,-1.0118403033688768,-0.5143823586762017,0.009073488715945712,-0.30478074134696537,-0.02037913463499775
2.752999999999808,0.27073438378586273,-1.0121415087923837,-0.5144107947071167,0.008929506472058757,-0.2976263079761442,-0.03650015963276623
2.7539999999998077,0.2707432912503362,-1.0124434314177364,-0.5144308829363927,0.008885359867923071,-0.3062145922297142,-0.0036838054568994966
2.7549999999998076,0.2707520492121553,-1.0127431221462493,-0.5144486034726489,0.008630489550754916,-0.29316300106454274,-0.031765105836522166
2.7559999999998075,0.2707606024398117,-1.0130375987528106,-0.5144700762485646,0.008475901056924605,-0.295785941921092,-0.011188201759387194
2.7569999999998074,0.2707689921998365,-1.013329710136775,-0.5144884299547714,0.008303550281094377,-0.2884330241478475,-0.025526568354530384
2.7579999999998073,0.27077720223809887,-1.013609703960114,-0.5145378985478767,0.00811645673886062,-0.27155166974552997,-0.0734164565508379
2.758999999999807,0.2707852798256187,-1.013881301430582,-0.514608948950807,0.008038657721944611,-0.2716397651197498,-0.06869041690886014
2.759999999999807,0.27079327629914013,-1.0141488607183258,-0.5146900678455577,0.007954227315393051,-0.26347598732705807,-0.09355227975641899
2.760999999999807,0.270801244936575,-1.0144170383368378,-0.514768818036714,0.007982991631361664,-0.27287547399161016,-0.06395429294084816
2.761999999999807,0.2708092385904717,-1.0146904224211124,-0.5148329724997011,0.008004256977994307,-0.27388941454301896,-0.06436016831176307
2.7629999999998067,0.2708173074382359,-1.01497317453421,-0.5148716324795417,0.008133385291804579,-0.29161070432631636,-0.012966291505650181
2.7639999999998066,0.2708254017342295,-1.015263031400852,-0.5148887685203586,0.008055141507654781,-0.28809933258905207,-0.021312693993508484
2.7649999999998065,0.27083341010026823,-1.0155445634484617,-0.5149311881436448,0.007961523333407796,-0.274961795068365,-0.06353226735537078
2.7659999999998064,0.2708413787059932,-1.0158212963665185,-0.5149899760377193,0.007975629134317767,-0.2785005091019157,-0.054049501294760896
2.7669999999998063,0.27084935650320463,-1.0160972205670082,-0.5150547550781299,0.007979903556537256,-0.27334495269171205,-0.07551366668906585
2.767999999999806,0.27085739329974123,-1.0163764857736894,-0.5151146390069521,0.008093633974233154,-0.2851816669353527,-0.044260285867267324
2.768999999999806,0.27086553766336446,-1.0166630791406448,-0.5151592263946025,0.00819503317818044,-0.28800170395778596,-0.04492013727379318
2.769999999999806,0.2708737770124582,-1.0169479779344635,-0.5152204364203908,0.008283601906591956,-0.2817931756945632,-0.07750452292771058
2.770999999999806,0.27088215899474427,-1.0172351411777165,-0.5152878987321552,0.008480306006648055,-0.2925297745511285,-0.05742558665006377
2.7719999999998057,0.27089073151657167,-1.0175286574645432,-0.5153507883215478,0.008664676589886223,-0.2944997622946288,-0.06835842639291517
2.7729999999998056,0.2708995407455037,-1.0178324276376784,-0.5153988163066144,0.008953725882403639,-0.3130366347096572,-0.027703422308841624
2.7739999999998055,0.270908533854788,-1.0181441861747706,-0.5154357085121687,0.009032424474742593,-0.31047699934303385,-0.046087053721878074
2.7749999999998054,0.2709176552416488,-1.0184612975552343,-0.5154663056667366,0.009210288274698207,-0.3237416242664994,-0.015113838834078958
2.7759999999998053,0.27092684753641877,-1.0187809064082627,-0.5154960981086778,0.009174227325785742,-0.3154724688758034,-0.0444778936648668
2.776999999999805,0.2709360528462749,-1.0191001094380663,-0.5155307075884081,0.009236326938757424,-0.32292938891296546,-0.02474815972722962
2.777999999999805,0.27094521390839543,-1.0194161281378018,-0.5155753512904865,0.009085720633616519,-0.3091045091931894,-0.064546132621664
2.778999999999805,0.27095427529102956,-1.019726472987907,-0.5156343477634037,0.009036977189073644,-0.3115810715581544,-0.05345400026151954
2.779999999999805,0.27096327966845385,-1.0200347530947766,-0.5156981591505253,0.008971707046299338,-0.30497566571040385,-0.07417505569914136
2.7809999999998047,0.2709722706875396,-1.0203447217386046,-0.5157568032147519,0.009010267863240785,-0.31495728332455203,-0.043120293781565705
2.7819999999998046,0.27098119566268014,-1.0206543078674708,-0.5158132994926623,0.008839608656276967,-0.30421135714772823,-0.0698791642645881
2.7829999999998045,0.27099000178251464,-1.020961391428338,-0.5158708365739159,0.008772565550734785,-0.3099513899074898,-0.04520259472271217
2.7839999999998044,0.27099863683272035,-1.0212639063718418,-0.5159324539669916,0.00849746017266876,-0.295074925221625,-0.07803923560072752
2.7849999999998043,0.2710070500051542,-1.0215599416954166,-0.5160007452717043,0.008328818847617898,-0.29699141249395394,-0.05855107893445535
2.785999999999804,0.27101528793700613,-1.0218535001712354,-0.5160650602519783,0.008146976598235515,-0.2901218521793063,-0.07008572435791403
2.786999999999804,0.2710233972884199,-1.0221485127317689,-0.5161150132315679,0.008071665397578316,-0.2998987736087562,-0.02982798078263973
2.787999999999804,0.2710313272809296,-1.0224428594581059,-0.5161539613388924,0.0077882487756793985,-0.2887908074205132,-0.04807590343167556
2.788999999999804,0.2710390260253906,-1.0227341527554672,-0.5161861470364721,0.007609177992529054,-0.2937913430920282,-0.01630351469665035
2.7899999999998037,0.2710465368946577,-1.023025542289462,-0.5162037563405165,0.007412494416530364,-0.28898373248251225,-0.018922781247359043
2.7909999999998036,0.27105384287071277,-1.023307281608977,-0.5162410118707348,0.007199389712490182,-0.2744916048677738,-0.055594911159647376
2.7919999999998035,0.2710609897634401,-1.023582759898434,-0.5162894415055183,0.007094336451154423,-0.2764611539914664,-0.041271177079121465
2.7929999999998034,0.27106802586652584,-1.0238557169595646,-0.5163395009712292,0.00697780781857287,-0.2694497079130906,-0.05885381351869616
2.7939999999998033,0.27107500015707237,-1.0241299621718853,-0.5163814501935561,0.006970718318555282,-0.27903676072291106,-0.025051364204017747
2.794999999999803,0.27108196037870175,-1.0244090856420573,-0.5164062439156232,0.006949665595247534,-0.27920662264727814,-0.024542503865569658
2.795999999999803,0.2710888925023669,-1.0246836642940738,-0.5164471969234781,0.006914519614528512,-0.2699477320524819,-0.05736904571694474
2.796999999999803,0.27109584409282117,-1.024957262476026,-0.5164953511417147,0.006988606414467058,-0.27724506788323133,-0.038945349927444646
2.797999999999803,0.27110286371758185,-1.025233635107808,-0.5165411345833129,0.007050584342543684,-0.27549710665088917,-0.05262692337707986
2.7989999999998028,0.27110999913776257,-1.0255164459508541,-0.5165752397689315,0.00722020339184383,-0.29012076765473876,-0.015589523779353732
2.7999999999998026,0.2711171998811191,-1.0258033198833425,-0.5166020022861418,0.007181219300968165,-0.2836237451261116,-0.0379418374181372
2.8009999999998025,0.27112441387498243,-1.026091652045405,-0.5166264623130709,0.007246711885235073,-0.29303667714143633,-0.010984805590426222
